1644338991317 0.8999230861663818 0
1644338994472 0.7182829976081848 0
1644338997211 0.5781164169311523 0
1644339000174 0.4739878475666046 0
1644339002720 0.40334486961364746 0
1644339005362 0.35190680623054504 0
1644339008208 0.31071364879608154 0
1644339011553 0.2741492688655853 0
1644339014211 0.24735313653945923 0
1644339016927 0.22370827198028564 0
1644339019534 0.20216450095176697 0
1644339022247 0.18652480840682983 0
1644339025325 0.1708245426416397 0
1644339028186 0.15896199643611908 0
1644339033116 0.147248774766922 0
1644339036820 0.1360887736082077 0
1644339039503 0.13014017045497894 0
1644339042039 0.1200520247220993 0
1644339044761 0.11255612969398499 0
1644339047653 0.10938281565904617 0
1644339049816 0.10183468461036682 0
1644339051939 0.0973384901881218 0
1644339054409 0.09218785911798477 0
1644339056682 0.08772342652082443 0
1644339058966 0.08660677820444107 0
