1644338991317 0.10147924288213775 0
1644338994472 0.12545437599030665 0
1644338997211 0.21121849158114975 0
1644339000174 0.3253272858468199 0
1644339002720 0.4108889834113144 0
1644339005362 0.4841430859583556 0
1644339008208 0.5446716899892358 0
1644339011553 0.6044387809281088 0
1644339014211 0.657125077784692 0
1644339016927 0.7001223990208079 0
1644339019534 0.7338433662170324 0
1644339022247 0.7668148148148148 0
1644339025325 0.7911102446632226 0
1644339028186 0.8109873223203996 0
1644339033116 0.834942267650956 0
1644339036820 0.8491661982387109 0
1644339039503 0.8605562815008401 0
1644339042039 0.8729189789123196 0
1644339044761 0.8861684633656131 0
1644339047653 0.8893356483596819 0
1644339049816 0.9014161220043574 0
1644339051939 0.9063994945392183 0
1644339054409 0.9153997495975675 0
1644339056682 0.918653451201 0
1644339058966 0.9186337625178828 0
