1644338991317 0.7408477842003853 0
1644338994472 0.7847738324616937 0
1644338997211 0.8184007707129094 0
1644339000174 0.8498715478484264 0
1644339002720 0.8729241214790348 0
1644339005362 0.8891870813836131 0
1644339008208 0.902972749793559 0
1644339011553 0.9145563813193871 0
1644339014211 0.924167354803193 0
1644339016927 0.9325626204238922 0
1644339019534 0.939352234149922 0
1644339022247 0.9458436553812276 0
1644339025325 0.9508441141389118 0
1644339028186 0.9548582438755849 0
1644339033116 0.9599963299385265 0
1644339036820 0.9630700064226075 0
1644339039503 0.9657308009909166 0
1644339042039 0.9684833470960639 0
1644339044761 0.9714193962748876 0
1644339047653 0.9722222222222222 0
1644339049816 0.9750894577484173 0
1644339051939 0.9762134140746858 0
1644339054409 0.9783007615377558 0
1644339056682 0.9791035874850904 0
1644339058966 0.9791265253692999 0
