1644338991317 0.4279355561181745 0
1644338994472 0.4923503179996782 0
1644338997211 0.5933560834337043 0
1644339000174 0.6771820686977619 0
1644339002720 0.732715870777042 0
1644339005362 0.7737392304936389 0
1644339008208 0.8098253981729909 0
1644339011553 0.8430643817347382 0
1644339014211 0.8679087076717433 0
1644339016927 0.8888409248020556 0
1644339019534 0.9086858783523521 0
1644339022247 0.9193958420560671 0
1644339025325 0.9306254743549509 0
1644339028186 0.9388168511767254 0
1644339033116 0.9461082483225886 0
1644339036820 0.9528590527344313 0
1644339039503 0.9547671763131405 0
1644339042039 0.9607148960439066 0
1644339044761 0.9637160198227255 0
1644339047653 0.9656921645925404 0
1644339049816 0.9691733594307637 0
1644339051939 0.9707451179422704 0
1644339054409 0.9732717742329944 0
1644339056682 0.9742375509678294 0
1644339058966 0.9753889773241985 0
