1644338754752 1.8169664144515991 0
1644338757722 0.8470080494880676 0
1644338760960 0.44099748134613037 0
1644338764298 0.31392139196395874 0
1644338767398 0.24069075286388397 0
1644338773077 0.18400752544403076 0
1644338776294 0.1432400345802307 0
1644338778630 0.10978780686855316 0
1644338780632 0.0861973911523819 0
1644338782646 0.06780188530683517 0
1644338786370 0.05583677813410759 0
1644338788657 0.04858657717704773 0
1644338791345 0.0439794659614563 0
1644338793950 0.041345469653606415 0
1644338796286 0.0386427640914917 0
1644338798448 0.038266271352767944 0
1644338800654 0.0358109250664711 0
1644338803745 0.03508817031979561 0
1644338806321 0.03420674055814743 0
1644338809804 0.03363862633705139 0
1644338813407 0.03304752707481384 0
1644338816215 0.032293371856212616 0
1644338819407 0.03216155245900154 0
1644338822427 0.03160965442657471 0
1644338825724 0.02991909347474575 0
