1644338754752 0.2212353653613242 0
1644338757722 0.28603849343167637 0
1644338760960 0.4652184937875074 0
1644338764298 0.5879109225874868 0
1644338767398 0.6839302495562284 0
1644338773077 0.7738582991905665 0
1644338776294 0.8353746745105605 0
1644338778630 0.8814510097232611 0
1644338780632 0.9130156407207537 0
1644338782646 0.9373096901307542 0
1644338786370 0.9523052464228935 0
1644338788657 0.959593303532299 0
1644338791345 0.9645068457312288 0
1644338793950 0.9659199860542143 0
1644338796286 0.9666405365386289 0
1644338798448 0.9675341631125424 0
1644338800654 0.9688803894297636 0
1644338803745 0.9686847599164926 0
1644338806321 0.9683808200138985 0
1644338809804 0.9689915747415964 0
1644338813407 0.9683423204035484 0
1644338816215 0.9691545746806847 0
1644338819407 0.969244135534318 0
1644338822427 0.9695338946272025 0
1644338825724 0.970376161932065 0
