1644338754752 0.4981237383537588 0
1644338757722 0.6145841261588854 0
1644338760960 0.7074714520032827 0
1644338764298 0.7925493445357715 0
1644338767398 0.8654379701358381 0
1644338773077 0.9166716933749495 0
1644338776294 0.943975316388955 0
1644338778630 0.9640186225979402 0
1644338780632 0.9732118989112003 0
1644338782646 0.9798308452509735 0
1644338786370 0.9837665067624957 0
1644338788657 0.9869192706016877 0
1644338791345 0.9886342396980801 0
1644338793950 0.9901837668004293 0
1644338796286 0.9915677353387201 0
1644338798448 0.9924821127795168 0
1644338800654 0.9937852713965158 0
1644338803745 0.9942054166319945 0
1644338806321 0.9946682533938015 0
1644338809804 0.9951902359879254 0
1644338813407 0.9955681201094396 0
1644338816215 0.9956610039942267 0
1644338819407 0.9958729551825953 0
1644338822427 0.9961160619492514 0
1644338825724 0.9967221811935622 0
