1644338754752 0.3805394990366089 0
1644338757722 0.6247591522157996 0
1644338760960 0.8548720066061106 0
1644338764298 0.9108633819616478 0
1644338767398 0.9305670244976604 0
1644338773077 0.9480915680337646 0
1644338776294 0.9608450316542803 0
1644338778630 0.9709147628222773 0
1644338780632 0.9781860721167079 0
1644338782646 0.9839434810533076 0
1644338786370 0.9876135425268373 0
1644338788657 0.9894256353793927 0
1644338791345 0.9906642811267089 0
1644338793950 0.9910312872740619 0
1644338796286 0.9912147903477383 0
1644338798448 0.9914441691898339 0
1644338800654 0.9917882374529773 0
1644338803745 0.9917423616845582 0
1644338806321 0.9916506101477199 0
1644338809804 0.9918111753371869 0
1644338813407 0.9916506101477199 0
1644338816215 0.9918570511056061 0
1644338819407 0.9918799889898156 0
1644338822427 0.9919488026424442 0
1644338825724 0.9921781814845398 0
