1644338911332 0.7416047343793009 0
1644338914368 0.7881686393247087 0
1644338917674 0.8292045141756125 0
1644338920784 0.8655151848793468 0
1644338925351 0.8924901367097899 0
1644338928617 0.9129277915405083 0
1644338931752 0.9304523350766125 0
1644338935458 0.9414854573814111 0
1644338939726 0.9502936049178824 0
1644338942662 0.957358473254427 0
1644338945778 0.9622213047068539 0
1644338948489 0.9657308009909166 0
1644338951436 0.9698596201486375 0
1644338954440 0.9727268556748325 0
1644338958099 0.9756858427378658 0
1644338962084 0.977658500779888 0
1644338965180 0.9792182769061382 0
1644338968141 0.9808239288008074 0
1644338970980 0.9813973759060465 0
1644338973686 0.983094779337554 0
1644338976803 0.98330122029544 0
1644338979418 0.9844251766217084 0
1644338982259 0.9851133131479952 0
1644338985131 0.9857096981374438 0
1644338988329 0.9866730892742454 0
