1644338911332 0.6564503098467683 0
1644338914368 0.6970617760895144 0
1644338917674 0.7535664597554419 0
1644338920784 0.8098959751814272 0
1644338925351 0.8519719832522389 0
1644338928617 0.8839124041829173 0
1644338931752 0.9074540837671785 0
1644338935458 0.9224411078497697 0
1644338939726 0.9366233986100644 0
1644338942662 0.9461848754492133 0
1644338945778 0.9502656941657314 0
1644338948489 0.9557006820787236 0
1644338951436 0.9597363209235514 0
1644338954440 0.964504786472711 0
1644338958099 0.9668941411710643 0
1644338962084 0.9697250329889832 0
1644338965180 0.9716321569554999 0
1644338968141 0.9746443273785643 0
1644338970980 0.9737233906186654 0
1644338973686 0.9754504119036232 0
1644338976803 0.9774580329623274 0
1644338979418 0.9790554230935569 0
1644338982259 0.9808035910345616 0
1644338985131 0.982392239394222 0
1644338988329 0.9829482981587889 0
