1644338911332 0.30018015779337764 0
1644338914368 0.3385144330635341 0
1644338917674 0.40659866114121773 0
1644338920784 0.49608938547486037 0
1644338925351 0.5747209872062425 0
1644338928617 0.6451673209945784 0
1644338931752 0.7128243985603334 0
1644338935458 0.7590441107018041 0
1644338939726 0.79608544274019 0
1644338942662 0.8273107292150488 0
1644338945778 0.8480487129809022 0
1644338948489 0.8635616438356164 0
1644338951436 0.8804367606915378 0
1644338954440 0.892446856625961 0
1644338958099 0.904727664928995 0
1644338962084 0.9132216678545974 0
1644338965180 0.919452347083926 0
1644338968141 0.9261092451829591 0
1644338970980 0.9282998850676333 0
1644338973686 0.9351289499163805 0
1644338976803 0.935881627620222 0
1644338979418 0.9405272838749233 0
1644338982259 0.9431649006042561 0
1644338985131 0.945565749235474 0
1644338988329 0.9492709333799005 0
