1644338911332 0.6487185955047607 0
1644338914368 0.53090900182724 0
1644338917674 0.4323555529117584 0
1644338920784 0.35159429907798767 0
1644338925351 0.2917848825454712 0
1644338928617 0.247357577085495 0
1644338931752 0.21245354413986206 0
1644338935458 0.1883699893951416 0
1644338939726 0.16606315970420837 0
1644338942662 0.14942798018455505 0
1644338945778 0.137435182929039 0
1644338948489 0.12647129595279694 0
1644338951436 0.11590230464935303 0
1644338954440 0.10660617053508759 0
1644338958099 0.10010125488042831 0
1644338962084 0.09294296056032181 0
1644338965180 0.08746971189975739 0
1644338968141 0.0820610299706459 0
1644338970980 0.08009883761405945 0
1644338973686 0.07614940404891968 0
1644338976803 0.07329501956701279 0
1644338979418 0.0698300451040268 0
1644338982259 0.06711883842945099 0
1644338985131 0.06362450122833252 0
1644338988329 0.06171385571360588 0
