1644339621113 0.8319052457809448 0
1644339621811 0.7020341157913208 0
1644339622703 0.5873245596885681 0
1644339623789 0.49487587809562683 0
1644339624468 0.42407095432281494 0
1644339625154 0.3635907471179962 0
1644339625899 0.31268078088760376 0
1644339626582 0.27177894115448 0
1644339627322 0.2402285486459732 0
1644339628029 0.21326860785484314 0
1644339628854 0.1920895278453827 0
1644339629627 0.17304684221744537 0
1644339630320 0.1561429649591446 0
1644339631192 0.14438237249851227 0
1644339632101 0.13561013340950012 0
1644339633074 0.12424910068511963 0
1644339633795 0.11733082681894302 0
1644339634538 0.11011920124292374 0
1644339635226 0.10420864820480347 0
1644339635915 0.10065461695194244 0
1644339636725 0.09523742645978928 0
1644339637471 0.09095751494169235 0
1644339638226 0.08823279291391373 0
1644339638964 0.0841214656829834 0
1644339639694 0.08142975717782974 0
1644339640384 0.07859978824853897 0
1644339641164 0.07667862623929977 0
1644339642090 0.07304872572422028 0
1644339642835 0.07138849794864655 0
1644339643523 0.07018619030714035 0
1644339644203 0.06815261393785477 0
1644339644892 0.06606439501047134 0
1644339645574 0.06556399166584015 0
1644339646256 0.06435728818178177 0
1644339646946 0.06349490582942963 0
1644339647634 0.06174645572900772 0
1644339648324 0.06028894707560539 0
1644339649014 0.05848989263176918 0
1644339649690 0.05888170376420021 0
1644339650622 0.05788171663880348 0
1644339651441 0.055675216019153595 0
1644339652141 0.055540166795253754 0
1644339652974 0.05424553155899048 0
1644339654639 0.05475584417581558 0
1644339655517 0.05390208959579468 0
1644339656223 0.05377852916717529 0
1644339656912 0.051867175847291946 0
1644339657619 0.05101155862212181 0
1644339658346 0.05145065858960152 0
1644339659035 0.05060067027807236 0
