1644339621113 0.6888476006973117 0
1644339621811 0.7224516010643178 0
1644339622703 0.7570648683365446 0
1644339623789 0.7892925956509772 0
1644339624468 0.8185383980181669 0
1644339625154 0.8475548215432609 0
1644339625899 0.8744150839526562 0
1644339626582 0.8964583906780439 0
1644339627322 0.9147398843930635 0
1644339628029 0.9295806954766492 0
1644339628854 0.9393981099183412 0
1644339629627 0.9488026424442609 0
1644339630320 0.9557069455913386 0
1644339631192 0.9601568951279934 0
1644339632101 0.9637581429488944 0
1644339633074 0.96816221671713 0
1644339633795 0.970823011285439 0
1644339634538 0.9743554454537113 0
1644339635226 0.9760069731167997 0
1644339635915 0.977085053674649 0
1644339636725 0.977819065969355 0
1644339637471 0.9801357922745206 0
1644339638226 0.9805486741902927 0
1644339638964 0.981259748600789 0
1644339639694 0.9820396366639141 0
1644339640384 0.9831177172217634 0
1644339641164 0.9832324066428113 0
1644339642090 0.9847233691164327 0
1644339642835 0.9844022387374989 0
1644339643523 0.9847692448848518 0
1644339644203 0.9857326360216534 0
1644339644892 0.9863060831268924 0
1644339645574 0.9856867602532342 0
1644339646256 0.9857785117900725 0
1644339646946 0.9858932012111203 0
1644339647634 0.9865583998531975 0
1644339648324 0.9870400954215983 0
1644339649014 0.987888797137352 0
1644339649690 0.9870859711900174 0
1644339650622 0.9872924121479035 0
1644339651441 0.9881640517478668 0
1644339652141 0.9875906046426277 0
1644339652974 0.9886228094320579 0
1644339654639 0.9884622442425911 0
1644339655517 0.9884163684741719 0
1644339656223 0.9886228094320579 0
1644339656912 0.9892191944215065 0
1644339657619 0.9892191944215065 0
1644339658346 0.9890356913478301 0
1644339659035 0.9890356913478301 0
