1644339621113 0.36233723499271375 0
1644339621811 0.3940911367050576 0
1644339622703 0.4452359750667854 0
1644339623789 0.4927104042412193 0
1644339624468 0.5384750014584914 0
1644339625154 0.588839396189062 0
1644339625899 0.6385422856011091 0
1644339626582 0.685610809304917 0
1644339627322 0.7284284357419448 0
1644339628029 0.7672479150871873 0
1644339628854 0.7952255464269107 0
1644339629627 0.8222363810130614 0
1644339630320 0.8443118600338628 0
1644339631192 0.8583543994128681 0
1644339632101 0.8697873743200922 0
1644339633074 0.884755895051478 0
1644339633795 0.8937165775401069 0
1644339634538 0.906018829858776 0
1644339635226 0.9116255491720177 0
1644339635915 0.9155179704016913 0
1644339636725 0.9180577917125667 0
1644339637471 0.9264356099218485 0
1644339638226 0.9278175008512086 0
1644339638964 0.9304740022125777 0
1644339639694 0.9332992588806542 0
1644339640384 0.9371047684156555 0
1644339641164 0.9376013657703798 0
1644339642090 0.9431060994361866 0
1644339642835 0.9418505216350266 0
1644339643523 0.9431506849315068 0
1644339644203 0.9467739175081294 0
1644339644892 0.9489438125374157 0
1644339645574 0.9465936323176996 0
1644339646256 0.9469087172461039 0
1644339646946 0.9473864316879117 0
1644339647634 0.9497599451303155 0
1644339648324 0.9515977041034867 0
1644339649014 0.9547402708726214 0
1644339649690 0.9517442358789749 0
1644339650622 0.9526090675791274 0
1644339651441 0.9557233567873691 0
1644339652141 0.9534783730329349 0
1644339652974 0.9574029543112332 0
1644339654639 0.9568129131965312 0
1644339655517 0.9567303572958615 0
1644339656223 0.9573443412452701 0
1644339656912 0.9596704993993479 0
1644339657619 0.9597257926306769 0
1644339658346 0.9589769996567113 0
1644339659035 0.959012176299091 0
