1644339621113 0.7321789656341546 0
1644339621811 0.7656847806526543 0
1644339622703 0.8143459659865698 0
1644339623789 0.8519144244152022 0
1644339624468 0.8761276483175803 0
1644339625154 0.8972487379597256 0
1644339625899 0.9131627670827054 0
1644339626582 0.9277900035086873 0
1644339627322 0.9366678946190821 0
1644339628029 0.9450407767638809 0
1644339628854 0.9519421445511349 0
1644339629627 0.9568307818900688 0
1644339630320 0.9625526963534551 0
1644339631192 0.965622945477273 0
1644339632101 0.9671423027426778 0
1644339633074 0.9713261142659455 0
1644339633795 0.9720789985080736 0
1644339634538 0.9735442672698356 0
1644339635226 0.9749418787433776 0
1644339635915 0.9754643735996928 0
1644339636725 0.9774633352977224 0
1644339637471 0.9774590871372325 0
1644339638226 0.9784608264878885 0
1644339638964 0.980038504864537 0
1644339639694 0.9798171006047811 0
1644339640384 0.9807926666653898 0
1644339641164 0.9814297418755029 0
1644339642090 0.9826365016284608 0
1644339642835 0.9833765925086116 0
1644339643523 0.9834992870266924 0
1644339644203 0.9836039068661201 0
1644339644892 0.9836345704973546 0
1644339645574 0.9852427525326668 0
1644339646256 0.9851304206822245 0
1644339646946 0.9853223744360738 0
1644339647634 0.9854835734631971 0
1644339648324 0.985935291566163 0
1644339649014 0.9866897310971734 0
1644339649690 0.9867433885636115 0
1644339650622 0.9869314718699855 0
1644339651441 0.9875446134060417 0
1644339652141 0.9879207555785359 0
1644339652974 0.9880327341562178 0
1644339654639 0.98711678898399 0
1644339655517 0.9875340374416424 0
1644339656223 0.9876314251877676 0
1644339656912 0.9895082211659362 0
1644339657619 0.9888537067237703 0
1644339658346 0.9884686060873145 0
1644339659035 0.9891422616919386 0
