1644339347666 0.5037366188648758 0
1644339348941 0.8200533739992376 0
1644339350532 0.9104626852104355 0
1644339352341 0.9406099518459068 0
1644339353718 0.950375939849624 0
1644339354887 0.9579418737378173 0
1644339356148 0.9601331814597389 0
1644339357423 0.9648724222299895 0
1644339358644 0.9619055959365969 0
1644339359826 0.9656918376254909 0
1644339361035 0.9664136787926373 0
1644339362216 0.9667073383301377 0
1644339363412 0.9670502092050209 0
1644339364906 0.9673373399529659 0
1644339366144 0.9681462140992166 0
1644339367328 0.9682360107910539 0
1644339368555 0.9681351210168901 0
1644339370169 0.9685107863604732 0
1644339371559 0.9696759058128421 0
1644339372865 0.9692601597777005 0
1644339374121 0.9688070205925797 0
1644339375450 0.9700234599009471 0
1644339376960 0.9697706740792218 0
1644339378245 0.9702386117136659 0
1644339379528 0.9710912405590763 0
1644339381020 0.970749066921274 0
1644339382492 0.970412147505423 0
1644339383786 0.970858629661752 0
1644339385015 0.9702695674785473 0
1644339386243 0.9709226629632844 0
1644339387697 0.9714285714285715 0
1644339389183 0.9711563447379817 0
1644339390530 0.9704963554321416 0
1644339392045 0.9720970537261698 0
1644339393616 0.9724865893753244 0
1644339397378 0.9721260387811634 0
1644339398689 0.9716858602476405 0
1644339399842 0.970557672324212 0
1644339401063 0.9719125399706163 0
1644339402424 0.9704685199618949 0
1644339403905 0.9718090626080941 0
1644339405222 0.9717993079584776 0
1644339406516 0.9735999307539167 0
1644339407716 0.9719771665801765 0
1644339409159 0.9708653929281578 0
1644339410434 0.9722965392249935 0
1644339411843 0.9724024569599445 0
1644339413138 0.9725246241575946 0
1644339414419 0.9723374827109267 0
1644339415760 0.9734024179620034 0
