1644339347666 0.8872832369942196 0
1644339348941 0.9566932746123498 0
1644339350532 0.9774061840535829 0
1644339352341 0.9847233691164327 0
1644339353718 0.9871318469584366 0
1644339354887 0.9890127534636205 0
1644339356148 0.98956326268465 0
1644339357423 0.9907789705477567 0
1644339358644 0.9900220203688411 0
1644339359826 0.9909854115056427 0
1644339361035 0.9911689145793192 0
1644339362216 0.9912377282319479 0
1644339363412 0.9913294797687862 0
1644339364906 0.9913982934214148 0
1644339366144 0.9916047343793009 0
1644339367328 0.9916276722635105 0
1644339368555 0.9916047343793009 0
1644339370169 0.9916964859161391 0
1644339371559 0.9919946784108634 0
1644339372865 0.9918799889898156 0
1644339374121 0.9917652995687678 0
1644339375450 0.9920864299477016 0
1644339376960 0.9920176162950729 0
1644339378245 0.9921323057161208 0
1644339379528 0.9923616845582164 0
1644339381020 0.9922699330213781 0
1644339382492 0.9921781814845398 0
1644339383786 0.9922928709055877 0
1644339385015 0.9921323057161208 0
1644339386243 0.9923158087897972 0
1644339387697 0.9924304982108451 0
1644339389183 0.9923616845582164 0
1644339390530 0.9922011193687494 0
1644339392045 0.9926140012845215 0
1644339393616 0.9927057528213598 0
1644339397378 0.9926140012845215 0
1644339398689 0.9924993118634737 0
1644339399842 0.9922011193687494 0
1644339401063 0.9925451876318928 0
1644339402424 0.9921781814845398 0
1644339403905 0.9925222497476833 0
1644339405222 0.9925222497476833 0
1644339406516 0.993003945316084 0
1644339407716 0.9925681255161024 0
1644339409159 0.9922699330213781 0
1644339410434 0.9926369391687311 0
1644339411843 0.9926828149371502 0
1644339413138 0.9927057528213598 0
1644339414419 0.9926598770529407 0
1644339415760 0.9929351316634554 0
