1644339347666 0.3373500108718872 0
1644339348941 0.14586323499679565 0
1644339350532 0.09133512526750565 0
1644339352341 0.06962470710277557 0
1644339353718 0.05951118841767311 0
1644339354887 0.05250169336795807 0
1644339356148 0.049133267253637314 0
1644339357423 0.0438123382627964 0
1644339358644 0.043682072311639786 0
1644339359826 0.040616266429424286 0
1644339361035 0.03891181945800781 0
1644339362216 0.037553444504737854 0
1644339363412 0.03657129779458046 0
1644339364906 0.035552553832530975 0
1644339366144 0.034878458827733994 0
1644339367328 0.03505133464932442 0
1644339368555 0.03403623029589653 0
1644339370169 0.03276144340634346 0
1644339371559 0.032630983740091324 0
1644339372865 0.031485382467508316 0
1644339374121 0.03168909624218941 0
1644339375450 0.030534975230693817 0
1644339376960 0.030337776988744736 0
1644339378245 0.02962389960885048 0
1644339379528 0.02946517989039421 0
1644339381020 0.02930123172700405 0
1644339382492 0.027963120490312576 0
1644339383786 0.02822027914226055 0
1644339385015 0.028217948973178864 0
1644339386243 0.027509717270731926 0
1644339387697 0.027819445356726646 0
1644339389183 0.026664046570658684 0
1644339390530 0.026463819667696953 0
1644339392045 0.02611459046602249 0
1644339393616 0.025189591571688652 0
1644339397378 0.025603052228689194 0
1644339398689 0.024643737822771072 0
1644339399842 0.02458123303949833 0
1644339401063 0.024385809898376465 0
1644339402424 0.02457127906382084 0
1644339403905 0.024701513350009918 0
1644339405222 0.024647770449519157 0
1644339406516 0.023267148062586784 0
1644339407716 0.023749496787786484 0
1644339409159 0.023748617619276047 0
1644339410434 0.02245074138045311 0
1644339411843 0.023710617795586586 0
1644339413138 0.022171981632709503 0
1644339414419 0.0223066508769989 0
1644339415760 0.02272729016840458 0
