1644339347666 0.817109062315387 0
1644339348941 0.9489512758074049 0
1644339350532 0.9717698947910336 0
1644339352341 0.9790202188949739 0
1644339353718 0.9829779153949745 0
1644339354887 0.9861516161885635 0
1644339356148 0.9878165309549755 0
1644339357423 0.991133268801228 0
1644339358644 0.9914394908663509 0
1644339359826 0.9929138144589549 0
1644339361035 0.9935710462922576 0
1644339362216 0.994304221125914 0
1644339363412 0.9946942165232046 0
1644339364906 0.9952688933252494 0
1644339366144 0.9951425557452763 0
1644339367328 0.9951164015395589 0
1644339368555 0.9954124307114356 0
1644339370169 0.9961226709743753 0
1644339371559 0.9959116648466493 0
1644339372865 0.9965144388536522 0
1644339374121 0.9964716098553731 0
1644339375450 0.9967906902676668 0
1644339376960 0.9971281663506024 0
1644339378245 0.9970844668168666 0
1644339379528 0.9971062459088198 0
1644339381020 0.9970692032789499 0
1644339382492 0.9977029575786995 0
1644339383786 0.9975126962211598 0
1644339385015 0.9977436304311699 0
1644339386243 0.9976926771831777 0
1644339387697 0.9976348179863825 0
1644339389183 0.9978482382794471 0
1644339390530 0.9981192619934253 0
1644339392045 0.9980295654303155 0
1644339393616 0.9981712114211667 0
1644339397378 0.9981086046650253 0
1644339398689 0.998430940610689 0
1644339399842 0.9984105234131229 0
1644339401063 0.9984097112125164 0
1644339402424 0.9985315098924148 0
1644339403905 0.9983168107199423 0
1644339405222 0.998383666945555 0
1644339406516 0.9985899838487852 0
1644339407716 0.9985892479322136 0
1644339409159 0.9986244462833584 0
1644339410434 0.9988162108851143 0
1644339411843 0.9986699878521713 0
1644339413138 0.9988987143124662 0
1644339414419 0.9988137967197758 0
1644339415760 0.9987045534945563 0
