1644338501054 1.1650868654251099 0
1644338504954 0.380586177110672 0
1644338508073 0.2070840299129486 0
1644338511677 0.13421736657619476 0
1644338517286 0.09822981059551239 0
1644338520116 0.0755220577120781 0
1644338522841 0.062258653342723846 0
1644338525741 0.052311357110738754 0
1644338528897 0.047115009278059006 0
1644338531783 0.04186026751995087 0
1644338534838 0.03954492136836052 0
1644338537993 0.03741992637515068 0
1644338541532 0.03668484464287758 0
1644338544281 0.035357970744371414 0
1644338547096 0.034338682889938354 0
1644338550139 0.033455923199653625 0
1644338553170 0.03280831128358841 0
1644338556547 0.032517481595277786 0
1644338560071 0.031907398253679276 0
1644338563778 0.031662747263908386 0
1644338567640 0.03112754411995411 0
1644338571874 0.030025189742445946 0
1644338575748 0.03014264814555645 0
1644338579776 0.02936282753944397 0
1644338583643 0.02916206419467926 0
