1644338501054 0.27202494861435966 0
1644338504954 0.5270657603799853 0
1644338508073 0.7442284325637909 0
1644338511677 0.8630705394190872 0
1644338517286 0.9090081892629662 0
1644338520116 0.9382342470630117 0
1644338522841 0.949197389310284 0
1644338525741 0.9580670576906242 0
1644338528897 0.9630790665273424 0
1644338531783 0.9662238430146739 0
1644338534838 0.9666117422599949 0
1644338537993 0.96667823672336 0
1644338541532 0.967137778548513 0
1644338544281 0.9676414604602872 0
1644338547096 0.9685066620522582 0
1644338550139 0.9678312002767209 0
1644338553170 0.9680768232546068 0
1644338556547 0.9690364988756272 0
1644338560071 0.9683828610919143 0
1644338563778 0.9691363361286417 0
1644338567640 0.9692307692307692 0
1644338571874 0.9701002419633599 0
1644338575748 0.9692360871068095 0
1644338579776 0.97009507346586 0
1644338583643 0.9692732608320387 0
