1644338501054 0.6116211274379371 0
1644338504954 0.7753065034020584 0
1644338508073 0.8975264486757452 0
1644338511677 0.9514408643860903 0
1644338517286 0.9677354834475641 0
1644338520116 0.9754102843534747 0
1644338522841 0.9800986649846195 0
1644338525741 0.984293646562459 0
1644338528897 0.9877169817980508 0
1644338531783 0.9909824822101791 0
1644338534838 0.9926905114191243 0
1644338537993 0.9941805687898321 0
1644338541532 0.9941785815643782 0
1644338544281 0.9946600952231994 0
1644338547096 0.9952708901784012 0
1644338550139 0.9955665223408084 0
1644338553170 0.9959594727295149 0
1644338556547 0.9960211749634387 0
1644338560071 0.9961063175263676 0
1644338563778 0.9962882111748483 0
1644338567640 0.996562488478558 0
1644338571874 0.9969624209504043 0
1644338575748 0.9968759029595208 0
1644338579776 0.9971271239822905 0
1644338583643 0.9972010621661997 0
