1644338501054 0.528809982567208 0
1644338504954 0.867533718689788 0
1644338508073 0.9420589044866502 0
1644338511677 0.9666941921277181 0
1644338517286 0.9770621157904394 0
1644338520116 0.984081108358565 0
1644338522841 0.9867877786952931 0
1644338525741 0.9890127534636205 0
1644338528897 0.9902743370951463 0
1644338531783 0.991077163042481 0
1644338534838 0.9911689145793192 0
1644338537993 0.9911918524635288 0
1644338541532 0.9913065418845766 0
1644338544281 0.9914212313056243 0
1644338547096 0.9916506101477199 0
1644338550139 0.9914671070740435 0
1644338553170 0.9915359207266722 0
1644338556547 0.9917882374529773 0
1644338560071 0.9916047343793009 0
1644338563778 0.9918111753371869 0
1644338567640 0.9918341132213965 0
1644338571874 0.9920634920634921 0
1644338575748 0.9918341132213965 0
1644338579776 0.9920634920634921 0
1644338583643 0.9918341132213965 0
