1644338257755 0.13707429974965757 0
1644338260184 0.15309394879343882 0
1644338262620 0.20267131242741002 0
1644338265071 0.24843530463660743 0
1644338267605 0.2827581319537949 0
1644338270436 0.330252427184466 0
1644338272996 0.36673313393153867 0
1644338275501 0.415929203539823 0
1644338278000 0.46887052341597796 0
1644338280719 0.5195144724556489 0
1644338284335 0.554066985645933 0
1644338287208 0.608886346300534 0
1644338289906 0.6477207705512112 0
1644338292823 0.6697923643670461 0
1644338295839 0.7087719298245614 0
1644338298605 0.7390486933634142 0
1644338301297 0.760026298487837 0
1644338304923 0.7804651162790697 0
1644338308136 0.8037348617916242 0
1644338310727 0.8154300479881874 0
1644338313488 0.8277573529411765 0
1644338316478 0.8412669351885756 0
1644338319375 0.8495979532163742 0
1644338322325 0.8707138333484122 0
1644338326237 0.8787988422575975 0
