1644338257755 0.38434043576501 0
1644338260184 0.4339831329973719 0
1644338262620 0.5236602611187768 0
1644338265071 0.5924471412893033 0
1644338267605 0.6406242095243389 0
1644338270436 0.6897293477925991 0
1644338272996 0.7285685417478136 0
1644338275501 0.7651430076737125 0
1644338278000 0.7924355857504001 0
1644338280719 0.8238740119525914 0
1644338284335 0.8442349047948783 0
1644338287208 0.8667650670598599 0
1644338289906 0.8830136019746786 0
1644338292823 0.8953823058818182 0
1644338295839 0.9083754727982261 0
1644338298605 0.9198905140434647 0
1644338301297 0.9278105618779797 0
1644338304923 0.934374272229674 0
1644338308136 0.9418024571967833 0
1644338310727 0.9457784171477627 0
1644338313488 0.9518483779228566 0
1644338316478 0.9546412446882477 0
1644338319375 0.9582177305916002 0
1644338322325 0.9648342355058783 0
1644338326237 0.9667543416730022 0
