1644338257755 0.580947793375539 0
1644338260184 0.6304936232681897 0
1644338262620 0.6850628498027342 0
1644338265071 0.730066978621892 0
1644338267605 0.7678456739150381 0
1644338270436 0.8022066244609597 0
1644338272996 0.8251674465547298 0
1644338275501 0.8486099642169006 0
1644338278000 0.867327277731902 0
1644338280719 0.8819616478576016 0
1644338284335 0.893109459583448 0
1644338287208 0.9059087989723827 0
1644338289906 0.9152674557298834 0
1644338292823 0.9208413615928067 0
1644338295839 0.9295577575924396 0
1644338298605 0.93632443343426 0
1644338301297 0.9413937058445729 0
1644338304923 0.9458665932654372 0
1644338308136 0.951302871823103 0
1644338310727 0.954124231580879 0
1644338313488 0.9570144049912837 0
1644338316478 0.9602257087806221 0
1644338319375 0.9622442425910634 0
1644338322325 0.967221763464538 0
1644338326237 0.9692632351591889 0
