1644338257755 1.201292634010315 0
1644338260184 1.0186976194381714 0
1644338262620 0.8454878330230713 0
1644338265071 0.7153049111366272 0
1644338267605 0.6191613078117371 0
1644338270436 0.5351019501686096 0
1644338272996 0.4715650975704193 0
1644338275501 0.4164329767227173 0
1644338278000 0.3771072030067444 0
1644338280719 0.3353535234928131 0
1644338284335 0.30726954340934753 0
1644338287208 0.2761055529117584 0
1644338289906 0.2536899447441101 0
1644338292823 0.23524455726146698 0
1644338295839 0.2151665836572647 0
1644338298605 0.197092667222023 0
1644338301297 0.18453195691108704 0
1644338304923 0.17287494242191315 0
1644338308136 0.15863455832004547 0
1644338310727 0.15079396963119507 0
1644338313488 0.13969402015209198 0
1644338316478 0.13305184245109558 0
1644338319375 0.12607529759407043 0
1644338322325 0.11265312135219574 0
1644338326237 0.10766957700252533 0
