1644339424389 0.42173593907697954 0
1644339428902 0.6187264886686852 0
1644339432854 0.8095008716395999 0
1644339436162 0.8985457381411138 0
1644339438895 0.9309569685292228 0
1644339441678 0.9584594916964859 0
1644339444538 0.9766492338746674 0
1644339447193 0.9856638223690247 0
1644339451263 0.9896779521056978 0
1644339454250 0.9911918524635288 0
1644339457011 0.9917194238003486 0
1644339460392 0.9919488026424442 0
1644339463080 0.9918570511056061 0
1644339465919 0.9921093678319112 0
1644339469810 0.9921552436003304 0
1644339473838 0.9919488026424442 0
1644339476756 0.9921323057161208 0
1644339479887 0.9922469951371685 0
1644339482978 0.9922928709055877 0
1644339485583 0.9924075603266355 0
1644339490170 0.9922469951371685 0
1644339494106 0.9923616845582164 0
1644339497914 0.9923616845582164 0
1644339502319 0.9923387466740068 0
1644339505896 0.9922699330213781 0
