1644339424389 0.5773502277811486 0
1644339428902 0.6518809840045847 0
1644339432854 0.7303144606575181 0
1644339436162 0.8199306367048139 0
1644339438895 0.9046353109644528 0
1644339441678 0.9516498487442661 0
1644339444538 0.9739849402616243 0
1644339447193 0.9814775422851915 0
1644339451263 0.9847254292171539 0
1644339454250 0.987799559359713 0
1644339457011 0.9902316154372518 0
1644339460392 0.9915032758489979 0
1644339463080 0.9924193670234616 0
1644339465919 0.9935800299491433 0
1644339469810 0.9936885597355694 0
1644339473838 0.9937189271404108 0
1644339476756 0.9951659456737261 0
1644339479887 0.9952634888515655 0
1644339482978 0.9956425457787235 0
1644339485583 0.9959890704959424 0
1644339490170 0.9961673751577834 0
1644339494106 0.9963360540093037 0
1644339497914 0.9966098751281622 0
1644339502319 0.9966682803224829 0
1644339505896 0.996762175402843 0
