1644339424389 0.2541861428317851 0
1644339428902 0.30118557134448837 0
1644339432854 0.40563944750590425 0
1644339436162 0.5521919611217982 0
1644339438895 0.6924805884756845 0
1644339441678 0.8256138661531054 0
1644339444538 0.9075889615105301 0
1644339447193 0.9449096518289996 0
1644339451263 0.9608831710709318 0
1644339454250 0.9667934970598409 0
1644339457011 0.9688390159689254 0
1644339460392 0.9697335517806329 0
1644339463080 0.9693886349918082 0
1644339465919 0.9703550499827647 0
1644339469810 0.9705477092662762 0
1644339473838 0.969775251872901 0
1644339476756 0.9704793872106033 0
1644339479887 0.9709072129454295 0
1644339482978 0.9710793596143915 0
1644339485583 0.9715170811462008 0
1644339490170 0.9708971930428794 0
1644339494106 0.971344978917477 0
1644339497914 0.9713499096618774 0
1644339502319 0.9712663454920853 0
1644339505896 0.9709857942315971 0
