1644339424389 1.7145649194717407 0
1644339428902 0.9074795246124268 0
1644339432854 0.47497037053108215 0
1644339436162 0.30985507369041443 0
1644339438895 0.2135520875453949 0
1644339441678 0.14020338654518127 0
1644339444538 0.08952411264181137 0
1644339447193 0.0635162889957428 0
1644339451263 0.05171194300055504 0
1644339454250 0.044593676924705505 0
1644339457011 0.040779635310173035 0
1644339460392 0.038747310638427734 0
1644339463080 0.037570126354694366 0
1644339465919 0.03584945574402809 0
1644339469810 0.03515370190143585 0
1644339473838 0.03516778722405434 0
1644339476756 0.033149268478155136 0
1644339479887 0.03277486562728882 0
1644339482978 0.03254926949739456 0
1644339485583 0.031559791415929794 0
1644339490170 0.031466469168663025 0
1644339494106 0.03070562332868576 0
1644339497914 0.03011644445359707 0
1644339502319 0.029929157346487045 0
1644339505896 0.029913756996393204 0
