1644339818524 0.23174069627851143 0
1644339819206 0.2513596066453104 0
1644339819893 0.2637924735111436 0
1644339820666 0.2821923217962822 0
1644339821440 0.32018891728399057 0
1644339822330 0.38720565149136577 0
1644339823404 0.48887797692118834 0
1644339824092 0.5940307506783238 0
1644339824789 0.6929100825059432 0
1644339825468 0.7599000530021958 0
1644339826144 0.8131042748701559 0
1644339826893 0.8499669530733642 0
1644339827540 0.8686630113876002 0
1644339828206 0.8939886966946395 0
1644339829833 0.8994509265614274 0
1644339830973 0.9132277878709232 0
1644339831619 0.9195062586926286 0
1644339832599 0.9243375174337517 0
1644339833385 0.9274755927475593 0
1644339834305 0.934678611811777 0
1644339834941 0.9364495798319329 0
1644339835583 0.940991345397325 0
1644339836227 0.9419998250371797 0
1644339836864 0.944814295725298 0
1644339837510 0.9446488001401298 0
1644339838152 0.9468801960269537 0
1644339838804 0.9492448191078328 0
1644339839544 0.9498556051457075 0
1644339840272 0.951437587657784 0
1644339840911 0.9536655864062363 0
1644339841558 0.953315231672068 0
1644339842196 0.953900087642419 0
1644339842931 0.9545812549225519 0
1644339843741 0.9565369479667687 0
1644339844410 0.9571153509539646 0
1644339845077 0.9571603427172583 0
1644339845991 0.9588394651752162 0
1644339846723 0.959349593495935 0
1644339847402 0.9606422899031329 0
1644339848133 0.9599860213174908 0
1644339848825 0.9594689028651293 0
1644339849513 0.9606436942452334 0
1644339850214 0.9615988828765928 0
1644339850906 0.9611658958024261 0
1644339851998 0.9615921787709497 0
1644339852717 0.9617095508068033 0
1644339853396 0.9611955951756687 0
1644339854142 0.9638281181905343 0
1644339855124 0.9622970850061092 0
1644339855878 0.9632019532612487 0
