1644339818524 2.692382574081421 0
1644339819206 2.1255502700805664 0
1644339819893 1.6749070882797241 0
1644339820666 1.279128074645996 0
1644339821440 0.9584295749664307 0
1644339822330 0.7082781195640564 0
1644339823404 0.5245372653007507 0
1644339824092 0.3984742760658264 0
1644339824789 0.31067365407943726 0
1644339825468 0.2545188367366791 0
1644339826144 0.209974467754364 0
1644339826893 0.17925436794757843 0
1644339827540 0.15613898634910583 0
1644339828206 0.13564804196357727 0
1644339829833 0.12391935288906097 0
1644339830973 0.11131394654512405 0
1644339831619 0.10303587466478348 0
1644339832599 0.09622974693775177 0
1644339833385 0.089886873960495 0
1644339834305 0.0833076611161232 0
1644339834941 0.0797368660569191 0
1644339835583 0.07478834688663483 0
1644339836227 0.07154987752437592 0
1644339836864 0.06774444878101349 0
1644339837510 0.06691226363182068 0
1644339838152 0.06349986791610718 0
1644339838804 0.06161073222756386 0
1644339839544 0.05862018093466759 0
1644339840272 0.05762095004320145 0
1644339840911 0.05524744465947151 0
1644339841558 0.05386527627706528 0
1644339842196 0.05312136188149452 0
1644339842931 0.05180303752422333 0
1644339843741 0.04953116923570633 0
1644339844410 0.04873073846101761 0
1644339845077 0.04784876108169556 0
1644339845991 0.0461723729968071 0
1644339846723 0.04581224545836449 0
1644339847402 0.043589819222688675 0
1644339848133 0.04405427351593971 0
1644339848825 0.04349124804139137 0
1644339849513 0.043003324419260025 0
1644339850214 0.041107095777988434 0
1644339850906 0.04270210117101669 0
1644339851998 0.04106984660029411 0
1644339852717 0.03981028124690056 0
1644339853396 0.03993012383580208 0
1644339854142 0.0394466370344162 0
1644339855124 0.04016635939478874 0
1644339855878 0.039879363030195236 0
