1644339818524 0.5099362346068632 0
1644339819206 0.6261368878271276 0
1644339819893 0.6888295778825351 0
1644339820666 0.7428878942060465 0
1644339821440 0.7923372783907779 0
1644339822330 0.8376179429218892 0
1644339823404 0.8773335401361307 0
1644339824092 0.9019191106527866 0
1644339824789 0.9231728079374918 0
1644339825468 0.9364186415974622 0
1644339826144 0.9485812995854156 0
1644339826893 0.9546431268870307 0
1644339827540 0.9616309152851154 0
1644339828206 0.9670920491553099 0
1644339829833 0.9694504384030729 0
1644339830973 0.9722114622807592 0
1644339831619 0.9746228475514971 0
1644339832599 0.9759835233036581 0
1644339833385 0.9775708043659007 0
1644339834305 0.979275023744607 0
1644339834941 0.9798519725691309 0
1644339835583 0.9812595381392221 0
1644339836227 0.9820276560802131 0
1644339836864 0.9837665147029784 0
1644339837510 0.9830945313276603 0
1644339838152 0.9849277981662167 0
1644339838804 0.9858045077801584 0
1644339839544 0.9865777217084479 0
1644339840272 0.9863358733350376 0
1644339840911 0.9879270426131397 0
1644339841558 0.9879967880463495 0
1644339842196 0.9888966406263959 0
1644339842931 0.9887812760046885 0
1644339843741 0.9899322732063405 0
1644339844410 0.9905131080017955 0
1644339845077 0.9902129094513549 0
1644339845991 0.9914473820678539 0
1644339846723 0.9911502411097921 0
1644339847402 0.9926012595125471 0
1644339848133 0.991942305701229 0
1644339848825 0.9921306462080063 0
1644339849513 0.9925971692531385 0
1644339850214 0.9929781964479305 0
1644339850906 0.9920116672516951 0
1644339851998 0.9934191609840797 0
1644339852717 0.9940845959034729 0
1644339853396 0.9940092426393065 0
1644339854142 0.9935191837656123 0
1644339855124 0.9933495435117845 0
1644339855878 0.9932340778683024 0
