1644339818524 0.2660335810624828 0
1644339819206 0.3084916047343793 0
1644339819893 0.352922286448298 0
1644339820666 0.4162996605193137 0
1644339821440 0.5179603633360859 0
1644339822330 0.6418478759519222 0
1644339823404 0.7612395632626846 0
1644339824092 0.8455592256170291 0
1644339824789 0.8992568125516103 0
1644339825468 0.9272639691714836 0
1644339826144 0.9463482888338379 0
1644339826893 0.9583448022754382 0
1644339827540 0.9642857142857143 0
1644339828206 0.9716028993485641 0
1644339829833 0.9731167997063951 0
1644339830973 0.9769933021378108 0
1644339831619 0.9787595192219469 0
1644339832599 0.9800899165061014 0
1644339833385 0.9809156803376456 0
1644339834305 0.9827736489586201 0
1644339834941 0.9833470960638591 0
1644339835583 0.9845169281585466 0
1644339836227 0.9847921827690613 0
1644339836864 0.9855491329479769 0
1644339837510 0.9855032571795578 0
1644339838152 0.9860767042847968 0
1644339838804 0.986741902926874 0
1644339839544 0.9868565923479218 0
1644339840272 0.9872924121479035 0
1644339840911 0.9878658592531425 0
1644339841558 0.9877741077163043 0
1644339842196 0.9879346729057712 0
1644339842931 0.9880952380952381 0
1644339843741 0.9885998715478485 0
1644339844410 0.9887604367373154 0
1644339845077 0.9887604367373154 0
1644339845991 0.989196256537297 0
1644339846723 0.9893338838425544 0
1644339847402 0.9896550142214882 0
1644339848133 0.9894944490320213 0
1644339848825 0.9893568217267639 0
1644339849513 0.9896779521056978 0
1644339850214 0.9899073309477934 0
1644339850906 0.9897926415267456 0
1644339851998 0.9899073309477934 0
1644339852717 0.989930268832003 0
1644339853396 0.9898155794109551 0
1644339854142 0.9904807780530324 0
1644339855124 0.9900908340214699 0
1644339855878 0.9903202128635654 0
