1644338945708 0.5448565335224445 0
1644338946909 0.7430682644135836 0
1644338948151 0.8790350196063135 0
1644338949530 0.9412314648032005 0
1644338951182 0.9624972164583773 0
1644338952420 0.9729042880019569 0
1644338953811 0.9771568961428179 0
1644338955774 0.9820945615690728 0
1644338957172 0.9824484280356448 0
1644338960180 0.9840155122311651 0
1644338961425 0.9858195895442935 0
1644338962665 0.9865406957549216 0
1644338964140 0.9872249957664359 0
1644338965414 0.9885011501242682 0
1644338967145 0.9899667842648774 0
1644338968429 0.9895206670527181 0
1644338969833 0.9915647105675931 0
1644338971031 0.9905447993190163 0
1644338972220 0.9914207075458104 0
1644338973414 0.9921527695826903 0
1644338974730 0.9920511559745451 0
1644338976307 0.9927161186166562 0
1644338977539 0.9928344684256404 0
1644338978793 0.993681199203502 0
1644338980105 0.9942974072985644 0
