1644338945708 0.24341821320673282 0
1644338946909 0.3556376189138201 0
1644338948151 0.5867519759126834 0
1644338949530 0.789659036337442 0
1644338951182 0.8748501968840953 0
1644338952420 0.9112630941044065 0
1644338953811 0.9276218611521418 0
1644338955774 0.9425787367322082 0
1644338957172 0.9447393612392307 0
1644338960180 0.9494808480935346 0
1644338961425 0.9493006993006993 0
1644338962665 0.955931022469953 0
1644338964140 0.9558772235786537 0
1644338965414 0.9593948352317189 0
1644338967145 0.9574912891986063 0
1644338968429 0.9616488390294808 0
1644338969833 0.962324893413382 0
1644338971031 0.9622148702768588 0
1644338972220 0.9629242819843343 0
1644338973414 0.9627631807899774 0
1644338974730 0.9634719081579406 0
1644338976307 0.9648101485793728 0
1644338977539 0.9648284845853234 0
1644338978793 0.9648451096414897 0
1644338980105 0.9655471665364922 0
