1644338945708 0.43705844572896596 0
1644338946909 0.6317781447839251 0
1644338948151 0.8488852188274154 0
1644338949530 0.9397192402972749 0
1644338951182 0.9664648132856225 0
1644338952420 0.9764886686852005 0
1644338953811 0.980892742453436 0
1644338955774 0.9848609964216901 0
1644338957172 0.9854344435269291 0
1644338960180 0.9867189650426644 0
1644338961425 0.986696027158455 0
1644338962665 0.9883934305899624 0
1644338964140 0.9883934305899624 0
1644338965414 0.9892880080741352 0
1644338967145 0.9888063125057345 0
1644338968429 0.9898843930635838 0
1644338969833 0.9900678961372603 0
1644338971031 0.9900449582530507 0
1644338972220 0.9902284613267273 0
1644338973414 0.9901825855583081 0
1644338974730 0.9903660886319846 0
1644338976307 0.990710156895128 0
1644338977539 0.990710156895128 0
1644338978793 0.9907330947793376 0
1644338980105 0.9908936599688045 0
