1644338945708 1.5126756429672241 0
1644338946909 0.8119016289710999 0
1644338948151 0.3993746042251587 0
1644338949530 0.22599507868289948 0
1644338951182 0.1544216424226761 0
1644338952420 0.11607924848794937 0
1644338953811 0.09608248621225357 0
1644338955774 0.08015494793653488 0
1644338957172 0.07362907379865646 0
1644338960180 0.06653150171041489 0
1644338961425 0.06267033517360687 0
1644338962665 0.05723913758993149 0
1644338964140 0.055527862161397934 0
1644338965414 0.051964789628982544 0
1644338967145 0.0500963069498539 0
1644338968429 0.04746970534324646 0
1644338969833 0.04564677178859711 0
1644338971031 0.04517968371510506 0
1644338972220 0.04485981911420822 0
1644338973414 0.04312239959836006 0
1644338974730 0.04195934161543846 0
1644338976307 0.04125511646270752 0
1644338977539 0.040493011474609375 0
1644338978793 0.039592280983924866 0
1644338980105 0.03805574029684067 0
