1644339014677 0.41217907571953105 0
1644339015939 0.4643799816420069 0
1644339017271 0.5463393385031775 0
1644339018484 0.6105844645480045 0
1644339019699 0.6589288150940058 0
1644339021028 0.6929807646794048 0
1644339022268 0.7217598161488774 0
1644339023695 0.7523394737525972 0
1644339025052 0.784836574483574 0
1644339026242 0.8118719309560369 0
1644339027470 0.8371704277174767 0
1644339028633 0.8549791848336943 0
1644339029821 0.8726878968059448 0
1644339032777 0.89057286325397 0
1644339034661 0.8997577538238829 0
1644339036188 0.9091183993764408 0
1644339037480 0.9176172128227407 0
1644339038677 0.9255339236353504 0
1644339039981 0.9358298245642933 0
1644339041219 0.9382961129626668 0
1644339042474 0.9418028166910429 0
1644339043687 0.9464395803364394 0
1644339044923 0.9496712120881883 0
