1644339014677 1.3371245861053467 0
1644339015939 1.1735223531723022 0
1644339017271 1.030735731124878 0
1644339018484 0.9187636971473694 0
1644339019699 0.8258621096611023 0
1644339021028 0.7430065274238586 0
1644339022268 0.6665487289428711 0
1644339023695 0.5883591771125793 0
1644339025052 0.5164409279823303 0
1644339026242 0.4560125172138214 0
1644339027470 0.4011669158935547 0
1644339028633 0.3611355125904083 0
1644339029821 0.3231987953186035 0
1644339032777 0.29230037331581116 0
1644339034661 0.27054324746131897 0
1644339036188 0.24707747995853424 0
1644339037480 0.2289350926876068 0
1644339038677 0.2119622528553009 0
1644339039981 0.19474130868911743 0
1644339041219 0.1836075484752655 0
1644339042474 0.17563726007938385 0
1644339043687 0.16621559858322144 0
1644339044923 0.15662641823291779 0
