1644339014677 0.1627349369634156 0
1644339015939 0.18657593065176004 0
1644339017271 0.23256598364111644 0
1644339018484 0.27004366812227076 0
1644339019699 0.3084653689452241 0
1644339021028 0.33473634428943017 0
1644339022268 0.36509758897818595 0
1644339023695 0.4024936061381075 0
1644339025052 0.44819139846197664 0
1644339026242 0.49247774025176544 0
1644339027470 0.546379492600423 0
1644339028633 0.5900372374060283 0
1644339029821 0.6332108743570902 0
1644339032777 0.6781024667931689 0
1644339034661 0.7033432742112699 0
1644339036188 0.7333601609657946 0
1644339037480 0.7590163934426228 0
1644339038677 0.7815977412389968 0
1644339039981 0.8018993668777075 0
1644339041219 0.8177912560020218 0
1644339042474 0.8247005230302007 0
1644339043687 0.8347767023263711 0
1644339044923 0.8495681176772428 0
