1644339014677 0.503394806863015 0
1644339015939 0.5393843471878154 0
1644339017271 0.5824846316175796 0
1644339018484 0.6165703275529865 0
1644339019699 0.6496008808147536 0
1644339021028 0.6773327828241124 0
1644339022268 0.7082530507385999 0
1644339023695 0.7427745664739884 0
1644339025052 0.7778007156619874 0
1644339026242 0.8104183870079824 0
1644339027470 0.8425084870171575 0
1644339028633 0.8661574456372144 0
1644339029821 0.885494082025874 0
1644339032777 0.9027204330672539 0
1644339034661 0.9132947976878613 0
1644339036188 0.9240067896137261 0
1644339037480 0.9325626204238922 0
1644339038677 0.9396733645288559 0
1644339039981 0.9454537113496652 0
1644339041219 0.9503853564547207 0
1644339042474 0.9523350766125332 0
1644339043687 0.9553628773281952 0
1644339044923 0.9596522616753831 0
