1644338870159 1.5372759103775024 0
1644338871620 0.9137774109840393 0
1644338873029 0.5338653326034546 0
1644338874197 0.3416396379470825 0
1644338875426 0.24531829357147217 0
1644338876628 0.18711097538471222 0
1644338879463 0.15126293897628784 0
1644338881743 0.12720458209514618 0
1644338883030 0.10907214879989624 0
1644338884613 0.09710690379142761 0
1644338885980 0.08799747377634048 0
1644338887643 0.08005400747060776 0
1644338889227 0.07444911450147629 0
1644338890687 0.06876063346862793 0
1644338892082 0.06663140654563904 0
1644338893856 0.06276622414588928 0
1644338895204 0.059329185634851456 0
1644338896628 0.05875978618860245 0
1644338897964 0.055478133261203766 0
1644338899354 0.05440250039100647 0
1644338900800 0.053111910820007324 0
1644338902162 0.05064646899700165 0
1644338903619 0.04824608564376831 0
1644338904896 0.04792627692222595 0
1644338906974 0.04667944461107254 0
