1644338870159 0.20808618423162015 0
1644338871620 0.27932342712614605 0
1644338873029 0.4307533893941994 0
1644338874197 0.6168988491823137 0
1644338875426 0.7313932095668172 0
1644338876628 0.8130491518051327 0
1644338879463 0.8510526315789474 0
1644338881743 0.876649251748871 0
1644338883030 0.9002398507595274 0
1644338884613 0.9129203539823009 0
1644338885980 0.9183402636468194 0
1644338887643 0.9277660324171952 0
1644338889227 0.9314682853875252 0
1644338890687 0.9390372452565003 0
1644338892082 0.9411764705882353 0
1644338893856 0.944015444015444 0
1644338895204 0.9462610677654072 0
1644338896628 0.9463252061041922 0
1644338897964 0.9480042016806722 0
1644338899354 0.9506475323766188 0
1644338900800 0.9500613281934466 0
1644338902162 0.9522975929978119 0
1644338903619 0.9550856343935685 0
1644338904896 0.9549141013342635 0
1644338906974 0.9571353894406692 0
