1644338870159 0.433457197908065 0
1644338871620 0.5817047435544546 0
1644338873029 0.7717451142306634 0
1644338874197 0.8839343058996239 0
1644338875426 0.9263235159188916 0
1644338876628 0.9507064868336544 0
1644338879463 0.9610514726121663 0
1644338881743 0.9680475272960822 0
1644338883030 0.9742407560326636 0
1644338884613 0.9774291219377924 0
1644338885980 0.9788283328745756 0
1644338887643 0.9811909349481603 0
1644338889227 0.9821313882007524 0
1644338890687 0.984081108358565 0
1644338892082 0.9846316175795945 0
1644338893856 0.9853656298743004 0
1644338895204 0.9859390769795394 0
1644338896628 0.985962014863749 0
1644338897964 0.9863748967795211 0
1644338899354 0.9870630333058079 0
1644338900800 0.9869254060005506 0
1644338902162 0.9874988531057896 0
1644338903619 0.9882099275162859 0
1644338904896 0.9881411138636572 0
1644338906974 0.9887145609688962 0
