1644338870159 0.4739419349315593 0
1644338871620 0.6194465851491582 0
1644338873029 0.7500737580303084 0
1644338874197 0.8450089273556829 0
1644338875426 0.8990025144950831 0
1644338876628 0.9297884441405364 0
1644338879463 0.947785336427103 0
1644338881743 0.9579890365446349 0
1644338883030 0.9659664621693724 0
1644338884613 0.9709120630914637 0
1644338885980 0.9742563256696488 0
1644338887643 0.9773569322940765 0
1644338889227 0.9794372789649836 0
1644338890687 0.9816514157347527 0
1644338892082 0.9819974795322444 0
1644338893856 0.9832677953705167 0
1644338895204 0.9854822542619435 0
1644338896628 0.98527394444927 0
1644338897964 0.9875120546760354 0
1644338899354 0.9870197096176154 0
1644338900800 0.9880106990024319 0
1644338902162 0.9890896745759239 0
1644338903619 0.9902047277750989 0
1644338904896 0.9903491277560668 0
1644338906974 0.9900524425243807 0
