1644339063023 0.7746526169274692 0
1644339065840 0.9452513718065721 0
1644339068483 0.9651879389093153 0
1644339070743 0.97018490285111 0
1644339073546 0.9756628115633871 0
1644339076377 0.9803814283628943 0
1644339078450 0.9856861994330556 0
1644339080466 0.988013927302346 0
1644339082490 0.9909555853691498 0
1644339084797 0.9920831492084203 0
1644339086936 0.9935035448673046 0
1644339089495 0.994624918352411 0
1644339092150 0.9950830023505003 0
1644339094296 0.9957256808975194 0
1644339096506 0.9959985603724733 0
1644339099237 0.9964660790802826 0
1644339101613 0.9970706055087963 0
1644339104635 0.9971409138761729 0
1644339107256 0.9969112497476396 0
1644339110374 0.9972276407159109 0
1644339113305 0.9972918161904614 0
1644339116620 0.9974221628160388 0
1644339120564 0.9975546531915408 0
1644339124321 0.9977497653754109 0
1644339127844 0.9979640431256184 0
