1644339063023 0.4289269714854583 0
1644339065840 0.8161803250043684 0
1644339068483 0.9209747606614447 0
1644339070743 0.9475321981156538 0
1644339073546 0.9585798816568047 0
1644339076377 0.9616868089483157 0
1644339078450 0.9658119658119658 0
1644339080466 0.9649092776446423 0
1644339082490 0.9679295304883264 0
1644339084797 0.9664532650448143 0
1644339086936 0.9685953234340331 0
1644339089495 0.9700486389623688 0
1644339092150 0.9694747612551159 0
1644339094296 0.9694747612551159 0
1644339096506 0.9700588586539282 0
1644339099237 0.9701416140590343 0
1644339101613 0.9704404123008774 0
1644339104635 0.9703375383566315 0
1644339107256 0.9705180640763463 0
1644339110374 0.9703324808184143 0
1644339113305 0.9708588957055214 0
1644339116620 0.9711849957374254 0
1644339120564 0.971735058743402 0
1644339124321 0.9704756232451289 0
1644339127844 0.9710539758215563 0
