1644339063023 0.8157858519130196 0
1644339065840 0.9517386916230847 0
1644339068483 0.9791724011377191 0
1644339070743 0.9860767042847968 0
1644339073546 0.9889210019267822 0
1644339076377 0.9897467657583264 0
1644339078450 0.9908248463161758 0
1644339080466 0.9905954674740802 0
1644339082490 0.9913982934214148 0
1644339084797 0.9909854115056427 0
1644339086936 0.9915588586108818 0
1644339089495 0.9919488026424442 0
1644339092150 0.9917882374529773 0
1644339094296 0.9917882374529773 0
1644339096506 0.9919488026424442 0
1644339099237 0.9919717405266538 0
1644339101613 0.9920405541792825 0
1644339104635 0.9920176162950729 0
1644339107256 0.9920634920634921 0
1644339110374 0.9920176162950729 0
1644339113305 0.9921552436003304 0
1644339116620 0.9922469951371685 0
1644339120564 0.9923846224424259 0
1644339124321 0.9920405541792825 0
1644339127844 0.9922011193687494 0
