1644339063023 0.48292040824890137 0
1644339065840 0.16146022081375122 0
1644339068483 0.09580934792757034 0
1644339070743 0.07425110787153244 0
1644339073546 0.06121574714779854 0
1644339076377 0.053750909864902496 0
1644339078450 0.04744754731655121 0
1644339080466 0.0442199744284153 0
1644339082490 0.04057691991329193 0
1644339084797 0.03946613147854805 0
1644339086936 0.03696678578853607 0
1644339089495 0.03462916612625122 0
1644339092150 0.03466065600514412 0
1644339094296 0.033258359879255295 0
1644339096506 0.03235399350523949 0
1644339099237 0.03158183395862579 0
1644339101613 0.030364150181412697 0
1644339104635 0.029772505164146423 0
1644339107256 0.03003421425819397 0
1644339110374 0.029263395816087723 0
1644339113305 0.029018593952059746 0
1644339116620 0.02856224589049816 0
1644339120564 0.027548832818865776 0
1644339124321 0.027855120599269867 0
1644339127844 0.026948334649205208 0
