1644338827998 0.8343655381227636 0
1644338830482 0.9349252224974768 0
1644338832793 0.9659143040645931 0
1644338835942 0.9781631342324983 0
1644338839032 0.9834617854849069 0
1644338843126 0.986902468116341 0
1644338846277 0.9885310578952198 0
1644338849279 0.989930268832003 0
1644338851964 0.9897467657583264 0
1644338855037 0.9901825855583081 0
1644338858288 0.9908248463161758 0
1644338861400 0.990916597853014 0
1644338864884 0.9911001009266905 0
1644338867828 0.9916506101477199 0
1644338870770 0.9916276722635105 0
1644338873824 0.9916276722635105 0
1644338876741 0.9917423616845582 0
1644338882963 0.9920176162950729 0
1644338886515 0.9921323057161208 0
1644338890883 0.9923158087897972 0
1644338894409 0.9923158087897972 0
1644338897402 0.9922011193687494 0
1644338900498 0.9924763739792641 0
1644338903660 0.9922928709055877 0
1644338908127 0.9925681255161024 0
