1644338827998 0.4183648811921063 0
1644338830482 0.7370957279214161 0
1644338832793 0.8642922374429224 0
1644338835942 0.9147411785778256 0
1644338839032 0.9362341912089857 0
1644338843126 0.9498550979186792 0
1644338846277 0.9562478123906196 0
1644338849279 0.9617562505444726 0
1644338851964 0.9610932196013577 0
1644338855037 0.9627567003132614 0
1644338858288 0.9652415710809871 0
1644338861400 0.9656190310817852 0
1644338864884 0.9663018933472294 0
1644338867828 0.9684848484848485 0
1644338870770 0.9683955320806996 0
1644338873824 0.9683845820701603 0
1644338876741 0.9688203706911485 0
1644338882963 0.9699066067104809 0
1644338886515 0.9703312862209151 0
1644338890883 0.9710433053850809 0
1644338894409 0.9710683133258485 0
1644338897402 0.9706339609604423 0
1644338900498 0.9716801934035573 0
1644338903660 0.9709844559585492 0
1644338908127 0.9720448662640206 0
