1644338827998 0.7651309683788305 0
1644338830482 0.9282794466545581 0
1644338832793 0.9621039485318478 0
1644338835942 0.9722856330103309 0
1644338839032 0.9760621603895646 0
1644338843126 0.9788324322273297 0
1644338846277 0.9809791793772222 0
1644338849279 0.9842259630019706 0
1644338851964 0.9859768137304455 0
1644338855037 0.9892626628768181 0
1644338858288 0.9900893769805768 0
1644338861400 0.9908227480350976 0
1644338864884 0.9921264296828117 0
1644338867828 0.9936225658824405 0
1644338870770 0.9935063299817739 0
1644338873824 0.9942405254202296 0
1644338876741 0.9939787868721689 0
1644338882963 0.9951609958822447 0
1644338886515 0.9958352123627313 0
1644338890883 0.9961524013423775 0
1644338894409 0.9957787163710334 0
1644338897402 0.9965710632713641 0
1644338900498 0.9964371645539322 0
1644338903660 0.9970022451124623 0
1644338908127 0.9970182636295641 0
