1644338827998 0.4184249937534332 0
1644338830482 0.19363944232463837 0
1644338832793 0.12337129563093185 0
1644338835942 0.09088011831045151 0
1644338839032 0.07447034120559692 0
1644338843126 0.06378983706235886 0
1644338846277 0.05745828151702881 0
1644338849279 0.05142301693558693 0
1644338851964 0.04907948896288872 0
1644338855037 0.04625523090362549 0
1644338858288 0.0431082546710968 0
1644338861400 0.04106849431991577 0
1644338864884 0.04039891064167023 0
1644338867828 0.037533581256866455 0
1644338870770 0.03722972795367241 0
1644338873824 0.035826921463012695 0
1644338876741 0.035325270146131516 0
1644338882963 0.03367363288998604 0
1644338886515 0.03278791904449463 0
1644338890883 0.03132020682096481 0
1644338894409 0.03184422850608826 0
1644338897402 0.030708439648151398 0
1644338900498 0.03021704964339733 0
1644338903660 0.02904646471142769 0
1644338908127 0.02886182814836502 0
