1644339896222 0.742726769712059 0
1644339897126 0.8138670371293382 0
1644339897844 0.8597818398856559 0
1644339898547 0.8965812380173694 0
1644339899372 0.9253046625426785 0
1644339900109 0.9453877918268321 0
1644339900814 0.9570757675761646 0
1644339901666 0.9636327133461386 0
1644339903336 0.9674777482444025 0
1644339904490 0.9715043105639646 0
1644339905495 0.9746535326395437 0
1644339906316 0.9769297460922145 0
1644339907150 0.976987782246515 0
1644339908500 0.9807821264938417 0
1644339909525 0.9812515442251389 0
1644339910514 0.9812924141606703 0
1644339911333 0.9829565913694698 0
1644339912199 0.9834596804430025 0
1644339912859 0.9844932662212532 0
1644339913539 0.9848057728711596 0
1644339914412 0.9855114820901937 0
1644339915093 0.9858512116207467 0
1644339915725 0.9868255948677992 0
1644339916375 0.98738505511487 0
1644339917102 0.9871111212612611 0
1644339917851 0.9885669888983177 0
1644339919156 0.9896401335510451 0
1644339919985 0.9897009765779944 0
1644339921083 0.9896843579331124 0
1644339921800 0.9914864013364008 0
1644339922511 0.9905175962200842 0
1644339923296 0.9914707331551357 0
1644339924063 0.9921499095256577 0
1644339924762 0.9916879196563979 0
1644339925506 0.9927463911096794 0
1644339926483 0.9928183725908196 0
1644339927296 0.9921064686639492 0
1644339927986 0.9930625148635147 0
1644339928792 0.9927250958276561 0
1644339929665 0.9940822710622516 0
1644339930502 0.9943403163694944 0
1644339931194 0.9937540472610575 0
1644339931875 0.9941647900018528 0
1644339932553 0.9946875761539495 0
1644339933240 0.995210798584428 0
1644339933911 0.994900001433486 0
1644339934576 0.9944276766635851 0
1644339935244 0.9949351663614053 0
1644339935925 0.9945056035506292 0
1644339936696 0.9957021593375905 0
