1644339896222 0.36248738416368476 0
1644339897126 0.42352509404532523 0
1644339897844 0.4816726305165612 0
1644339898547 0.5631709331131296 0
1644339899372 0.6771034039820167 0
1644339900109 0.7827323607670429 0
1644339900814 0.8584961923112212 0
1644339901666 0.9088448481512066 0
1644339903336 0.938572346086797 0
1644339904490 0.95511056060189 0
1644339905495 0.9660978071382695 0
1644339906316 0.9715799614643545 0
1644339907150 0.9769474263693917 0
1644339908500 0.9798834755482154 0
1644339909525 0.9822690155060098 0
1644339910514 0.9825442701165245 0
1644339911333 0.9841957977796129 0
1644339912199 0.9857096981374438 0
1644339912859 0.9862372694742637 0
1644339913539 0.9870171575373887 0
1644339914412 0.9874988531057896 0
1644339915093 0.9875906046426277 0
1644339915725 0.9884393063583815 0
1644339916375 0.9884851821268006 0
1644339917102 0.9884163684741719 0
1644339917851 0.9893797596109735 0
1644339919156 0.9887833746215249 0
1644339919985 0.9888521882741536 0
1644339921083 0.9895173869162308 0
1644339921800 0.9895862005688595 0
1644339922511 0.9898385172951647 0
1644339923296 0.9902972749793559 0
1644339924063 0.9902284613267273 0
1644339924762 0.9902284613267273 0
1644339925506 0.9900908340214699 0
1644339926483 0.9900449582530507 0
1644339927296 0.9905954674740802 0
1644339927986 0.9902055234425177 0
1644339928792 0.9905266538214516 0
1644339929665 0.9904578401688229 0
1644339930502 0.9909854115056427 0
1644339931194 0.9908019084319662 0
1644339931875 0.9909854115056427 0
1644339932553 0.9906872190109184 0
1644339933240 0.9907330947793376 0
1644339933911 0.9913294797687862 0
1644339934576 0.9913294797687862 0
1644339935244 0.991283604000367 0
1644339935925 0.990916597853014 0
1644339936696 0.9915129828424626 0
