1644339896222 2.4768311977386475 0
1644339897126 1.8704948425292969 0
1644339897844 1.3731718063354492 0
1644339898547 0.9719982147216797 0
1644339899372 0.6770473122596741 0
1644339900109 0.4802697002887726 0
1644339900814 0.34875279664993286 0
1644339901666 0.26077723503112793 0
1644339903336 0.20206649601459503 0
1644339904490 0.1627405881881714 0
1644339905495 0.13528992235660553 0
1644339906316 0.1170208528637886 0
1644339907150 0.10127927362918854 0
1644339908500 0.0906216949224472 0
1644339909525 0.0816437155008316 0
1644339910514 0.07750777155160904 0
1644339911333 0.07115387916564941 0
1644339912199 0.06683386117219925 0
1644339912859 0.0631847158074379 0
1644339913539 0.06054256111383438 0
1644339914412 0.058566343039274216 0
1644339915093 0.05633343756198883 0
1644339915725 0.05387619137763977 0
1644339916375 0.05209726467728615 0
1644339917102 0.05152492970228195 0
1644339917851 0.049113307148218155 0
1644339919156 0.048402439802885056 0
1644339919985 0.047564759850502014 0
1644339921083 0.04605455696582794 0
1644339921800 0.04475212097167969 0
1644339922511 0.04383585974574089 0
1644339923296 0.04274212196469307 0
1644339924063 0.041486386209726334 0
1644339924762 0.041653115302324295 0
1644339925506 0.04097713157534599 0
1644339926483 0.04056823253631592 0
1644339927296 0.039654675871133804 0
1644339927986 0.03960275650024414 0
1644339928792 0.038864802569150925 0
1644339929665 0.03709026426076889 0
1644339930502 0.03628988936543465 0
1644339931194 0.03749540448188782 0
1644339931875 0.03606417402625084 0
1644339932553 0.035870496183633804 0
1644339933240 0.03522450849413872 0
1644339933911 0.034128643572330475 0
1644339934576 0.03540266305208206 0
1644339935244 0.034169167280197144 0
1644339935925 0.035083845257759094 0
1644339936696 0.03295355290174484 0
