1644339896222 0.2827797992309876 0
1644339897126 0.30609089403059253 0
1644339897844 0.328409665051862 0
1644339898547 0.36798088410991636 0
1644339899372 0.4402560738001511 0
1644339900109 0.538761199844176 0
1644339900814 0.6410659219177285 0
1644339901666 0.7352431712191873 0
1644339903336 0.8038957234915055 0
1644339904490 0.8497504798464491 0
1644339905495 0.8822498406628426 0
1644339906316 0.8996517372641128 0
1644339907150 0.9170723657067414 0
1644339908500 0.9269592737569751 0
1644339909525 0.9350911075657066 0
1644339910514 0.9358293279365884 0
1644339911333 0.9417730076903574 0
1644339912199 0.9471272171772893 0
1644339912859 0.9489882673014794 0
1644339913539 0.9518543722354542 0
1644339914412 0.9534148217796392 0
1644339915093 0.9538041157885748 0
1644339915725 0.9568197395476354 0
1644339916375 0.9570352618966107 0
1644339917102 0.9567674000513654 0
1644339917851 0.960362982621351 0
1644339919156 0.9581084554099203 0
1644339919985 0.9583904109589041 0
1644339921083 0.9608364041477419 0
1644339921800 0.9610701423426513 0
1644339922511 0.9619775126598576 0
1644339923296 0.9636566715353552 0
1644339924063 0.9634334763948498 0
1644339924762 0.9634773662551439 0
1644339925506 0.9629439011837364 0
1644339926483 0.9627147766323024 0
1644339927296 0.9648249828414551 0
1644339927986 0.9633822142183346 0
1644339928792 0.9645523989357138 0
1644339929665 0.9643469317792251 0
1644339930502 0.9662284093838619 0
1644339931194 0.9655882605337682 0
1644339931875 0.9663210215099837 0
1644339932553 0.9652039766883784 0
1644339933240 0.9653040192373755 0
1644339933911 0.9675703500343171 0
1644339934576 0.9675425038639877 0
1644339935244 0.9674267100977197 0
1644339935925 0.9660552031544659 0
1644339936696 0.9683164925500942 0
