1644339156725 0.49636427165983 0
1644339158085 0.6934131686195052 0
1644339159489 0.8572945549692703 0
1644339160707 0.9278283727272082 0
1644339161920 0.9519522944374263 0
1644339163252 0.9613321979724071 0
1644339164612 0.966625440896768 0
1644339165821 0.9715361681723985 0
1644339167061 0.9751390554696039 0
1644339168268 0.9799574139852101 0
1644339169668 0.9829111606319106 0
1644339170951 0.9856123386335572 0
1644339172151 0.987259995138603 0
1644339173331 0.986924507739202 0
1644339174563 0.9886482056299946 0
1644339175775 0.9906221834059585 0
1644339177066 0.9909642776035086 0
1644339178273 0.9920165571373823 0
1644339179471 0.9916255029949044 0
1644339180702 0.9925431448980172 0
1644339182098 0.9935598266752302 0
1644339183305 0.9936519026868976 0
1644339184505 0.9937876891331809 0
1644339185733 0.9940336243665989 0
1644339186902 0.9940032317644386 0
1644339188082 0.9942333807644813 0
1644339189246 0.9944951709827828 0
1644339190510 0.9953671241820788 0
1644339191673 0.9954930104111961 0
1644339192815 0.9953373747391877 0
1644339194264 0.9954365255028175 0
1644339195524 0.9960901039522801 0
1644339196738 0.9958201389578869 0
1644339197954 0.995678306814472 0
1644339199193 0.9959557258030175 0
1644339200436 0.996489583481186 0
1644339201619 0.9962308693384242 0
1644339202948 0.9965375055001207 0
1644339204349 0.9961072763047705 0
1644339205585 0.9966986989553319 0
1644339206781 0.996642684218557 0
1644339207999 0.9963419939534157 0
1644339209190 0.9969131326912978 0
1644339210405 0.9973206073552583 0
1644339211637 0.9967236003080069 0
1644339212846 0.9970515405660512 0
1644339214089 0.9971151179687169 0
1644339215539 0.9971296688927369 0
1644339216784 0.9971622792854812 0
1644339218104 0.9971673269768497 0
