1644339156725 0.7424993118634737 0
1644339158085 0.8523717772272685 0
1644339159489 0.9169648591613909 0
1644339160707 0.9502936049178824 0
1644339161920 0.9688732911276264 0
1644339163252 0.9756858427378658 0
1644339164612 0.9812368107165795 0
1644339165821 0.9834159097164877 0
1644339167061 0.9850674373795761 0
1644339168268 0.9865583998531975 0
1644339169668 0.9877052940636756 0
1644339170951 0.9887604367373154 0
1644339172151 0.9887833746215249 0
1644339173331 0.9895173869162308 0
1644339174563 0.9894944490320213 0
1644339175775 0.9897467657583264 0
1644339177066 0.9898155794109551 0
1644339178273 0.9902055234425177 0
1644339179471 0.990549591705661 0
1644339180702 0.9904807780530324 0
1644339182098 0.9908019084319662 0
1644339183305 0.9908936599688045 0
1644339184505 0.9910083493898523 0
1644339185733 0.991077163042481 0
1644339186902 0.9908936599688045 0
1644339188082 0.990710156895128 0
1644339189246 0.9911689145793192 0
1644339190510 0.9914441691898339 0
1644339191673 0.9913982934214148 0
1644339192815 0.9912377282319479 0
1644339194264 0.9910312872740619 0
1644339195524 0.9913753555372052 0
1644339196738 0.9913982934214148 0
1644339197954 0.9914900449582531 0
1644339199193 0.9916964859161391 0
1644339200436 0.9914441691898339 0
1644339201619 0.9912606661161575 0
1644339202948 0.9916506101477199 0
1644339204349 0.9917423616845582 0
1644339205585 0.9915588586108818 0
1644339206781 0.9918341132213965 0
1644339207999 0.9920864299477016 0
1644339209190 0.9919029268740251 0
1644339210405 0.9919717405266538 0
1644339211637 0.9915817964950913 0
1644339212846 0.9917652995687678 0
1644339214089 0.9921552436003304 0
1644339215539 0.9919029268740251 0
1644339216784 0.9919029268740251 0
1644339218104 0.9917423616845582 0
