1644339156725 0.20876797293487453 0
1644339158085 0.4215351429085026 0
1644339159489 0.6496322106078203 0
1644339160707 0.798324802233597 0
1644339161920 0.8773388773388774 0
1644339163252 0.905844732634571 0
1644339164612 0.9280689412592331 0
1644339165821 0.936684473246344 0
1644339167061 0.9431788426289605 0
1644339168268 0.9491142757902049 0
1644339169668 0.9536492563126945 0
1644339170951 0.9576783555018138 0
1644339172151 0.9577245612518371 0
1644339173331 0.9606000517285974 0
1644339174563 0.9606055393084466 0
1644339175775 0.9615285308546346 0
1644339177066 0.9617834394904458 0
1644339178273 0.9632181927814626 0
1644339179471 0.9646473313883646 0
1644339180702 0.9643256253760852 0
1644339182098 0.9655882605337682 0
1644339183305 0.9659315197803141 0
1644339184505 0.9663750214445017 0
1644339185733 0.9666352174285959 0
1644339186902 0.965972400788549 0
1644339188082 0.9653283109322831 0
1644339189246 0.9670292027061744 0
1644339190510 0.9680732688521785 0
1644339191673 0.9679075738125803 0
1644339192815 0.96732249786142 0
1644339194264 0.966544023273723 0
1644339195524 0.967791673805037 0
1644339196738 0.9679185559072633 0
1644339197954 0.9682063587282543 0
1644339199193 0.9690227622796509 0
1644339200436 0.9680678024141769 0
1644339201619 0.9673996748524001 0
1644339202948 0.9689207650273224 0
1644339204349 0.9692412850307587 0
1644339205585 0.9685362517099864 0
1644339206781 0.969598633646456 0
1644339207999 0.9705103000256432 0
1644339209190 0.9698367939844484 0
1644339210405 0.9701059104885548 0
1644339211637 0.9686512343042625 0
1644339212846 0.9693607578731757 0
1644339214089 0.9708290685772775 0
1644339215539 0.9698831157751044 0
1644339216784 0.9698676909944516 0
1644339218104 0.9692360280293967 0
