1644339156725 0.8082305192947388 0
1644339158085 0.4662606120109558 0
1644339159489 0.2698569893836975 0
1644339160707 0.17624153196811676 0
1644339161920 0.12673528492450714 0
1644339163252 0.1021791473031044 0
1644339164612 0.08553808927536011 0
1644339165821 0.07558958977460861 0
1644339167061 0.06859732419252396 0
1644339168268 0.060658082365989685 0
1644339169668 0.05572802573442459 0
1644339170951 0.05133803188800812 0
1644339172151 0.04931262135505676 0
1644339173331 0.04737108200788498 0
1644339174563 0.04594387114048004 0
1644339175775 0.04394402354955673 0
1644339177066 0.043278276920318604 0
1644339178273 0.04107469320297241 0
1644339179471 0.04035187140107155 0
1644339180702 0.03888913616538048 0
1644339182098 0.038041144609451294 0
1644339183305 0.03806246072053909 0
1644339184505 0.036830462515354156 0
1644339185733 0.036465007811784744 0
1644339186902 0.036940090358257294 0
1644339188082 0.03640491142868996 0
1644339189246 0.03476286679506302 0
1644339190510 0.03401724249124527 0
1644339191673 0.03373672068119049 0
1644339192815 0.03415171056985855 0
1644339194264 0.03375962749123573 0
1644339195524 0.03282415121793747 0
1644339196738 0.032805319875478745 0
1644339197954 0.032853417098522186 0
1644339199193 0.03251323476433754 0
1644339200436 0.03160390257835388 0
1644339201619 0.03214270994067192 0
1644339202948 0.031222347170114517 0
1644339204349 0.0315181165933609 0
1644339205585 0.030606266111135483 0
1644339206781 0.03013164922595024 0
1644339207999 0.030377285555005074 0
1644339209190 0.030169488862156868 0
1644339210405 0.028754128143191338 0
1644339211637 0.030406074598431587 0
1644339212846 0.0296104084700346 0
1644339214089 0.029131678864359856 0
1644339215539 0.02920571155846119 0
1644339216784 0.028331713750958443 0
1644339218104 0.029164394363760948 0
