1644339195516 0.297874635883051 0
1644339198145 0.487464970082557 0
1644339200947 0.6464256141319349 0
1644339203758 0.751798906264991 0
1644339206376 0.8095283108044239 0
1644339208999 0.846203763789747 0
1644339211624 0.8740359897172236 0
1644339214235 0.8907806556783191 0
1644339217005 0.9044368600682594 0
1644339219649 0.916495855984315 0
1644339222294 0.9260666018902923 0
1644339225168 0.9321107388467643 0
1644339227719 0.9407958023611719 0
1644339230351 0.9402488172419835 0
1644339232946 0.9443813847900113 0
1644339235564 0.9452640768223483 0
1644339238460 0.9511983327544287 0
1644339241507 0.951636710949032 0
1644339244608 0.9553996709101932 0
1644339247656 0.9598965071151359 0
1644339250617 0.9640708268867114 0
1644339253702 0.9632814515435548 0
1644339257035 0.9648715966675255 0
1644339260632 0.9667409566260929 0
1644339264192 0.9678027059427985 0
