1644339195516 0.6381726324914405 0
1644339198145 0.7907674188180677 0
1644339200947 0.8696075635483926 0
1644339203758 0.9160554731206806 0
1644339206376 0.9364609495871101 0
1644339208999 0.9522952289654192 0
1644339211624 0.9601146298216725 0
1644339214235 0.9701378227380218 0
1644339217005 0.9715409047595595 0
1644339219649 0.9747566863524607 0
1644339222294 0.9785436477428352 0
1644339225168 0.9800795907769317 0
1644339227719 0.9830792304341862 0
1644339230351 0.9854172506536952 0
1644339232946 0.9853553219983026 0
1644339235564 0.9873342958283156 0
1644339238460 0.9888427631926265 0
1644339241507 0.9891946066207038 0
1644339244608 0.9901401855571349 0
1644339247656 0.9912224681179143 0
1644339250617 0.9922274383028745 0
1644339253702 0.9927583868176817 0
1644339257035 0.9934084562979429 0
1644339260632 0.9946012034396459 0
1644339264192 0.9944048674356891 0
