1644339195516 0.7014404991283604 0
1644339198145 0.844779337553904 0
1644339200947 0.911849710982659 0
1644339203758 0.940659693549867 0
1644339206376 0.9537801633177355 0
1644339208999 0.9619460500963392 0
1644339211624 0.968529222864483 0
1644339214235 0.9723369116432701 0
1644339217005 0.9755940912010276 0
1644339219649 0.9785072024956418 0
1644339222294 0.9808009909165979 0
1644339225168 0.9823378291586384 0
1644339227719 0.9844710523901276 0
1644339230351 0.9843563629690797 0
1644339232946 0.9853885677585099 0
1644339235564 0.9856179466006055 0
1644339238460 0.987108909074227 0
1644339241507 0.9872235984952747 0
1644339244608 0.9881869896320763 0
1644339247656 0.9893338838425544 0
1644339250617 0.9904119644004037 0
1644339253702 0.9902055234425177 0
1644339257035 0.9906184053582897 0
1644339260632 0.9911001009266905 0
1644339264192 0.9913753555372052 0
