1644339195516 0.7036120295524597 0
1644339198145 0.39173662662506104 0
1644339200947 0.26212817430496216 0
1644339203758 0.193842813372612 0
1644339206376 0.1605248749256134 0
1644339208999 0.13426649570465088 0
1644339211624 0.11632121354341507 0
1644339214235 0.10097693651914597 0
1644339217005 0.09288257360458374 0
1644339219649 0.08421612530946732 0
1644339222294 0.07787112146615982 0
1644339225168 0.07245457172393799 0
1644339227719 0.06550733000040054 0
1644339230351 0.06306381523609161 0
1644339232946 0.06053433194756508 0
1644339235564 0.05775965750217438 0
1644339238460 0.05303865298628807 0
1644339241507 0.052167780697345734 0
1644339244608 0.048136718571186066 0
1644339247656 0.04498057812452316 0
1644339250617 0.0413292720913887 0
1644339253702 0.04071648046374321 0
1644339257035 0.03853693604469299 0
1644339260632 0.03636297211050987 0
1644339264192 0.035951245576143265 0
