1644339659932 2.318472146987915 0
1644339660631 1.9245246648788452 0
1644339661319 1.60526442527771 0
1644339662012 1.32574462890625 0
1644339662984 1.069557547569275 0
1644339663717 0.8616625070571899 0
1644339664407 0.6926959753036499 0
1644339665200 0.567613422870636 0
1644339667152 0.46454787254333496 0
1644339668065 0.382905513048172 0
1644339668812 0.3294864296913147 0
1644339669592 0.28151771426200867 0
1644339670361 0.24765841662883759 0
1644339671507 0.2194415032863617 0
1644339672578 0.19669096171855927 0
1644339673287 0.17946013808250427 0
1644339674050 0.16356952488422394 0
1644339674914 0.14963775873184204 0
1644339675741 0.13830608129501343 0
1644339676490 0.13169176876544952 0
1644339677219 0.12334569543600082 0
1644339677981 0.1156511977314949 0
1644339678777 0.11014086753129959 0
1644339679525 0.10220738500356674 0
1644339680268 0.09749322384595871 0
1644339681229 0.09233861416578293 0
1644339681924 0.08991208672523499 0
1644339682601 0.0851527526974678 0
1644339683511 0.08313336968421936 0
1644339684307 0.08097943663597107 0
1644339685062 0.07645261287689209 0
1644339685839 0.07466541975736618 0
1644339686541 0.07176443189382553 0
1644339687308 0.06862188875675201 0
1644339688018 0.06771139055490494 0
1644339688712 0.06802985817193985 0
1644339689399 0.06596733629703522 0
1644339690391 0.061577461659908295 0
1644339691149 0.05993387848138809 0
1644339692006 0.06050555780529976 0
1644339692702 0.05998387932777405 0
1644339693420 0.05837748572230339 0
1644339694085 0.056454047560691833 0
1644339694743 0.05554254725575447 0
1644339695461 0.05397028103470802 0
1644339696131 0.05406422168016434 0
1644339696800 0.05246122553944588 0
1644339697462 0.05132447928190231 0
1644339698128 0.048871032893657684 0
1644339698918 0.051283370703458786 0
