1644339659932 0.5134756642195948 0
1644339660631 0.5928528621030829 0
1644339661319 0.6545306385136047 0
1644339662012 0.702087204672743 0
1644339662984 0.7465296846748485 0
1644339663717 0.7850850377303332 0
1644339664407 0.8207717260604965 0
1644339665200 0.8469479849356069 0
1644339667152 0.8701282649950424 0
1644339668065 0.8921741433233421 0
1644339668812 0.9049764278774135 0
1644339669592 0.9204082661935645 0
1644339670361 0.9292511552224985 0
1644339671507 0.9357976916710884 0
1644339672578 0.9437846042173756 0
1644339673287 0.9473109958012601 0
1644339674050 0.9551471795073326 0
1644339674914 0.9588259959115101 0
1644339675741 0.9609387825432572 0
1644339676490 0.9623034596926663 0
1644339677219 0.9643012041947566 0
1644339677981 0.9669221669175146 0
1644339678777 0.967980440704091 0
1644339679525 0.9721579886129719 0
1644339680268 0.9731110316146689 0
1644339681229 0.974259530207739 0
1644339681924 0.9751373654952209 0
1644339682601 0.9774156735588215 0
1644339683511 0.9771910017654197 0
1644339684307 0.9776245636241035 0
1644339685062 0.980169649576285 0
1644339685839 0.9803776794262458 0
1644339686541 0.9799560227697884 0
1644339687308 0.9819086693166931 0
1644339688018 0.9824525232271475 0
1644339688712 0.9814639335499445 0
1644339689399 0.9824039466234392 0
1644339690391 0.9847942204911024 0
1644339691149 0.9852687125950816 0
1644339692006 0.9843643617815802 0
1644339692702 0.9854277746322991 0
1644339693420 0.9852591991026376 0
1644339694085 0.9865653504912874 0
1644339694743 0.9861168382236835 0
1644339695461 0.9872772175684155 0
1644339696131 0.9876419577558259 0
1644339696800 0.9886021603274208 0
1644339697462 0.9884510136048277 0
1644339698128 0.9898535757928384 0
1644339698918 0.988105953899216 0
