1644339659932 0.3111982750711074 0
1644339660631 0.3464079273327828 0
1644339661319 0.3947380493623268 0
1644339662012 0.4446279475181209 0
1644339662984 0.5064455454628864 0
1644339663717 0.5899165061014772 0
1644339664407 0.6763693916873108 0
1644339665200 0.7563308560418387 0
1644339667152 0.8247775025231673 0
1644339668065 0.8684053582897514 0
1644339668812 0.8968483347096063 0
1644339669592 0.918318194329755 0
1644339670361 0.9316221671713001 0
1644339671507 0.9429076062024039 0
1644339672578 0.9490320212863566 0
1644339673287 0.954330672538765 0
1644339674050 0.9598816405174787 0
1644339674914 0.9637352050646848 0
1644339675741 0.9664648132856225 0
1644339676490 0.9685062849802735 0
1644339677219 0.9697449307275897 0
1644339677981 0.9721992843380126 0
1644339678777 0.9741719423800349 0
1644339679525 0.9757317185062849 0
1644339680268 0.9774291219377924 0
1644339681229 0.9790577117166712 0
1644339681924 0.979332966327186 0
1644339682601 0.9801816680429397 0
1644339683511 0.9802046059271493 0
1644339684307 0.9807321772639692 0
1644339685062 0.9817185062849803 0
1644339685839 0.9822231397375906 0
1644339686541 0.98330122029544 0
1644339687308 0.9837370400954216 0
1644339688018 0.984448114505918 0
1644339688712 0.9840122947059363 0
1644339689399 0.9842416735480319 0
1644339690391 0.9854803192953482 0
1644339691149 0.9858932012111203 0
1644339692006 0.9854115056427195 0
1644339692702 0.9852968162216718 0
1644339693420 0.9860078906321681 0
1644339694085 0.986329021011102 0
1644339694743 0.9866272135058263 0
1644339695461 0.9869712817689696 0
1644339696131 0.9870171575373887 0
1644339696800 0.986902468116341 0
1644339697462 0.9876364804110469 0
1644339698128 0.98747591522158 0
1644339698918 0.9870859711900174 0
