1644339659932 0.23225014700994553 0
1644339660631 0.250315723005683 0
1644339661319 0.26830823836064666 0
1644339662012 0.2866654881857286 0
1644339662984 0.3097552369037308 0
1644339663717 0.35083514887436457 0
1644339664407 0.40586179306859815 0
1644339665200 0.47641579180836907 0
1644339667152 0.5588727839695097 0
1644339668065 0.6296081089805668 0
1644339668812 0.6839108736908696 0
1644339669592 0.7344717023339049 0
1644339670361 0.7693260078929042 0
1644339671507 0.7997103081998873 0
1644339672578 0.8189669219488349 0
1644339673287 0.834758071209229 0
1644339674050 0.8539701093763046 0
1644339674914 0.8655497916489496 0
1644339675741 0.8756591257016499 0
1644339676490 0.8828598242470779 0
1644339677219 0.886498580156613 0
1644339677981 0.8958762886597939 0
1644339678777 0.9024601524601524 0
1644339679525 0.9085091663784158 0
1644339680268 0.9147313691507799 0
1644339681229 0.9209044442519275 0
1644339681924 0.9216044548855826 0
1644339682601 0.9250390421655388 0
1644339683511 0.9249891351586266 0
1644339684307 0.92714657415438 0
1644339685062 0.9307739077564493 0
1644339685839 0.932778211466736 0
1644339686541 0.9366626065773447 0
1644339687308 0.9384602031073691 0
1644339688018 0.9411049339819318 0
1644339688712 0.9395122797882497 0
1644339689399 0.9402140805848055 0
1644339690391 0.945133050186357 0
1644339691149 0.9466006772597031 0
1644339692006 0.9446860323534528 0
1644339692702 0.9442657160246936 0
1644339693420 0.9469657450878108 0
1644339694085 0.9482818465810482 0
1644339694743 0.9495194389124599 0
1644339695461 0.9507457509538675 0
1644339696131 0.9509702009702009 0
1644339696800 0.9505841627001297 0
1644339697462 0.9532888465204957 0
1644339698128 0.9526863084922009 0
1644339698918 0.9513102136123844 0
