1644339778820 0.47519784781721497 0
1644339779528 0.6678682192310743 0
1644339780339 0.8000487075659835 0
1644339781097 0.8786268195690714 0
1644339781823 0.9239481651575864 0
1644339782622 0.948444554905946 0
1644339783365 0.9612255949058233 0
1644339784046 0.9665871320149056 0
1644339784769 0.971940532675774 0
1644339785512 0.976287609598413 0
1644339786696 0.978631428963662 0
1644339787370 0.9806337108584557 0
1644339788085 0.9823020672290201 0
1644339788844 0.9849743115150212 0
1644339789526 0.984249876480893 0
1644339790210 0.9862754409300417 0
1644339790896 0.9874557393107773 0
1644339791576 0.9891474671343388 0
1644339792296 0.9880321581058794 0
1644339793004 0.9903661074993938 0
1644339793665 0.9900257257112853 0
1644339794426 0.9904693610496778 0
1644339795438 0.9922247403009525 0
1644339797068 0.9925826817933336 0
1644339798134 0.9927584010716909 0
1644339798803 0.9932225208796795 0
1644339799482 0.9930285418202437 0
1644339800183 0.9938650780420064 0
1644339800891 0.9943195679045944 0
1644339801651 0.9945714866539914 0
1644339802424 0.9948221230404767 0
1644339803150 0.9942248619587443 0
1644339803875 0.9952704322249754 0
1644339804838 0.9952770729535371 0
1644339805536 0.9953053938384305 0
1644339806371 0.9963383716120143 0
1644339807254 0.99512390726067 0
1644339808080 0.9956212840506524 0
1644339808750 0.9958901179891668 0
1644339809692 0.9961138492016333 0
1644339810388 0.996311657570076 0
1644339811258 0.9965770200166182 0
1644339812083 0.9967977909043042 0
1644339812883 0.9962375494395908 0
1644339814046 0.9968115346343664 0
1644339814723 0.9964098638999572 0
1644339815445 0.9961608054643682 0
1644339816267 0.9973251909881757 0
1644339817103 0.9967325793054229 0
1644339817770 0.9969966660564517 0
