1644339778820 0.2056199326200437 0
1644339779528 0.3304743401412122 0
1644339780339 0.5185185185185185 0
1644339781097 0.6906310995445674 0
1644339781823 0.7927354105698055 0
1644339782622 0.8528533801580334 0
1644339783365 0.8828876533403937 0
1644339784046 0.9031916769529182 0
1644339784769 0.9206265861555964 0
1644339785512 0.929935190050797 0
1644339786696 0.9371338637754656 0
1644339787370 0.9376859793453527 0
1644339788085 0.9444395987788923 0
1644339788844 0.9485057070663065 0
1644339789526 0.9533327539758408 0
1644339790210 0.952480236295717 0
1644339790896 0.9551772063933287 0
1644339791576 0.9549126922074538 0
1644339792296 0.9578417765440667 0
1644339793004 0.9582105080631176 0
1644339793665 0.9574412758949467 0
1644339794426 0.959605570452383 0
1644339795438 0.9601938386985116 0
1644339797068 0.9604080221300137 0
1644339798134 0.9615417854982283 0
1644339798803 0.9626943005181348 0
1644339799482 0.9631483559161129 0
1644339800183 0.9634809634809635 0
1644339800891 0.9625280607839751 0
1644339801651 0.9646185709354503 0
1644339802424 0.9639965546942291 0
1644339803150 0.9641654433986703 0
1644339803875 0.9654578344387975 0
1644339804838 0.9646612652990865 0
1644339805536 0.9660812672176309 0
1644339806371 0.9670197192801171 0
1644339807254 0.9668931120474675 0
1644339808080 0.9673202614379086 0
1644339808750 0.9669705831756408 0
1644339809692 0.9677973379132675 0
1644339810388 0.9669705831756408 0
1644339811258 0.9675643121397228 0
1644339812083 0.9674258702191664 0
1644339812883 0.967437065039952 0
1644339814046 0.9673202614379086 0
1644339814723 0.9678804534524218 0
1644339815445 0.9675866219585592 0
1644339816267 0.967714236647776 0
1644339817103 0.9681124635693468 0
1644339817770 0.9686453053861351 0
