1644339778820 0.5078218185154602 0
1644339779528 0.6759106340031196 0
1644339780339 0.8342049729332967 0
1644339781097 0.9127442884668319 0
1644339781823 0.9447655748233783 0
1644339782622 0.9615561060647766 0
1644339783365 0.9695614276539132 0
1644339784046 0.9748142031379026 0
1644339784769 0.9791953390219286 0
1644339785512 0.9816496926323516 0
1644339786696 0.983507661253326 0
1644339787370 0.983668226442793 0
1644339788085 0.9853885677585099 0
1644339788844 0.9864437104321497 0
1644339789526 0.987682356179466 0
1644339790210 0.9874529773373704 0
1644339790896 0.9881640517478668 0
1644339791576 0.9880952380952381 0
1644339792296 0.9888521882741536 0
1644339793004 0.9889439398109918 0
1644339793665 0.9887374988531058 0
1644339794426 0.9892880080741352 0
1644339795438 0.9894485732636021 0
1644339797068 0.9894944490320213 0
1644339798134 0.9897926415267456 0
1644339798803 0.9900908340214699 0
1644339799482 0.9902055234425177 0
1644339800183 0.9902972749793559 0
1644339800891 0.9900449582530507 0
1644339801651 0.9905954674740802 0
1644339802424 0.9904119644004037 0
1644339803150 0.9904807780530324 0
1644339803875 0.9908019084319662 0
1644339804838 0.9905954674740802 0
1644339805536 0.9909624736214332 0
1644339806371 0.9912147903477383 0
1644339807254 0.9911689145793192 0
1644339808080 0.991283604000367 0
1644339808750 0.9911918524635288 0
1644339809692 0.9913982934214148 0
1644339810388 0.9911918524635288 0
1644339811258 0.9913524176529956 0
1644339812083 0.9913065418845766 0
1644339812883 0.9913065418845766 0
1644339814046 0.991283604000367 0
1644339814723 0.9914212313056243 0
1644339815445 0.9913524176529956 0
1644339816267 0.9913753555372052 0
1644339817103 0.9914671070740435 0
1644339817770 0.9916276722635105 0
