1644339778820 1.2198126316070557 0
1644339779528 0.719302237033844 0
1644339780339 0.4348160922527313 0
1644339781097 0.2956375181674957 0
1644339781823 0.2154092937707901 0
1644339782622 0.16466514766216278 0
1644339783365 0.13528607785701752 0
1644339784046 0.11416614800691605 0
1644339784769 0.09897690266370773 0
1644339785512 0.08704053610563278 0
1644339786696 0.07901981472969055 0
1644339787370 0.07401608675718307 0
1644339788085 0.06731508672237396 0
1644339788844 0.0626392588019371 0
1644339789526 0.059439517557621 0
1644339790210 0.05694843456149101 0
1644339790896 0.05381837859749794 0
1644339791576 0.05227900668978691 0
1644339792296 0.05050497129559517 0
1644339793004 0.048442281782627106 0
1644339793665 0.048019055277109146 0
1644339794426 0.046699125319719315 0
1644339795438 0.04455550014972687 0
1644339797068 0.043542224913835526 0
1644339798134 0.042069293558597565 0
1644339798803 0.04073471948504448 0
1644339799482 0.040465209633111954 0
1644339800183 0.03926824778318405 0
1644339800891 0.03909924253821373 0
1644339801651 0.03816564008593559 0
1644339802424 0.037611208856105804 0
1644339803150 0.03756030648946762 0
1644339803875 0.03584719076752663 0
1644339804838 0.03596966341137886 0
1644339805536 0.03546968847513199 0
1644339806371 0.03338678926229477 0
1644339807254 0.03460071235895157 0
1644339808080 0.03390347212553024 0
1644339808750 0.03356649726629257 0
1644339809692 0.032704368233680725 0
1644339810388 0.03251953423023224 0
1644339811258 0.031882476061582565 0
1644339812083 0.031811103224754333 0
1644339812883 0.0324065238237381 0
1644339814046 0.031097006052732468 0
1644339814723 0.032072488218545914 0
1644339815445 0.03169993683695793 0
1644339816267 0.0295402854681015 0
1644339817103 0.030747659504413605 0
1644339817770 0.030006784945726395 0
