1644339282769 0.570671621249656 0
1644339283960 0.6301954307734654 0
1644339285270 0.6871731351500138 0
1644339286459 0.727658500779888 0
1644339287670 0.766125332599321 0
1644339288889 0.7991788237452977 0
1644339290140 0.832255252775484 0
1644339291343 0.863519588953115 0
1644339292584 0.886273970088999 0
1644339293881 0.9046930911092761 0
1644339295316 0.9202449766033581 0
1644339296520 0.931163409487109 0
1644339297756 0.940659693549867 0
1644339299053 0.9485503257179557 0
1644339300291 0.9534819708230113 0
1644339301479 0.9582301128543903 0
1644339302694 0.9615790439489862 0
1644339303885 0.9652491054225159 0
1644339305060 0.96816221671713 0
1644339306418 0.971029452243325 0
1644339307690 0.9722680979906413 0
1644339308874 0.9736902468116341 0
1644339310045 0.976672171758877 0
1644339311231 0.9783466373061749 0
1644339312474 0.9782778236535462 0
1644339313646 0.979332966327186 0
1644339314847 0.9797687861271677 0
1644339316254 0.9810303697586935 0
1644339317436 0.9812368107165795 0
1644339318589 0.9815350032113038 0
1644339319789 0.9832094687586017 0
1644339320983 0.9838058537480503 0
1644339322122 0.9843793008532893 0
1644339323292 0.9847921827690613 0
1644339324433 0.9844939902743371 0
1644339325693 0.9852968162216718 0
1644339326853 0.985595008716396 0
1644339328269 0.9857785117900725 0
1644339329404 0.9858473254427012 0
1644339330608 0.9870859711900174 0
1644339332322 0.98694834388476 0
1644339334317 0.9868565923479218 0
1644339335585 0.9868107165795027 0
1644339336882 0.987108909074227 0
1644339338237 0.9875906046426277 0
1644339339656 0.987888797137352 0
1644339341332 0.9880034865583999 0
1644339342922 0.9885998715478485 0
1644339344286 0.9885539957794293 0
1644339345851 0.9889898155794109 0
