1644339282769 0.5714791759817444 0
1644339283960 0.6525453411853497 0
1644339285270 0.7458367405746007 0
1644339286459 0.799192618426356 0
1644339287670 0.832369528771692 0
1644339288889 0.8545796231019485 0
1644339290140 0.8752171250191009 0
1644339291343 0.8945029726631712 0
1644339292584 0.9067347363770606 0
1644339293881 0.9193255601509941 0
1644339295316 0.9286782829629475 0
1644339296520 0.938031758248416 0
1644339297756 0.9432852833904407 0
1644339299053 0.9490567795242185 0
1644339300291 0.9515733245852807 0
1644339301479 0.9557902589836423 0
1644339302694 0.9572639927062058 0
1644339303885 0.9612635527320729 0
1644339305060 0.9653987014240171 0
1644339306418 0.9657484647951493 0
1644339307690 0.9678524557699157 0
1644339308874 0.9701358156879987 0
1644339310045 0.9714905615018273 0
1644339311231 0.9744020558582672 0
1644339312474 0.9749085212872418 0
1644339313646 0.9742059647909125 0
1644339314847 0.9751397447030807 0
1644339316254 0.9773054914660941 0
1644339317436 0.9787191575008184 0
1644339318589 0.979191245261491 0
1644339319789 0.980329031556259 0
1644339320983 0.9817168200047339 0
1644339322122 0.9825314266481227 0
1644339323292 0.9837450472678706 0
1644339324433 0.9839884581066526 0
1644339325693 0.9842335151191656 0
1644339326853 0.9851586625492492 0
1644339328269 0.9848654185450995 0
1644339329404 0.9843281921753628 0
1644339330608 0.9861243619024592 0
1644339332322 0.9864356409976311 0
1644339334317 0.986919805847887 0
1644339335585 0.9867097002371478 0
1644339336882 0.9874125347735445 0
1644339338237 0.9894174596310538 0
1644339339656 0.9881705161299252 0
1644339341332 0.9890956061866616 0
1644339342922 0.9901599810770343 0
1644339344286 0.9902966421833704 0
1644339345851 0.9904094403906104 0
