1644339282769 0.2458600265925299 0
1644339283960 0.29825019587359625 0
1644339285270 0.37105700055340346 0
1644339286459 0.4217037650382349 0
1644339287670 0.4701725213053419 0
1644339288889 0.5109758141093671 0
1644339290140 0.5604375788904249 0
1644339291343 0.6144874951405987 0
1644339292584 0.6587279735682818 0
1644339293881 0.6996313164172631 0
1644339295316 0.7374461979913917 0
1644339296520 0.7676705117287296 0
1644339297756 0.7945031376598617 0
1644339299053 0.818395271637924 0
1644339300291 0.83292140385566 0
1644339301479 0.8490675507666805 0
1644339302694 0.8593500713745906 0
1644339303885 0.8719249302561501 0
1644339305060 0.8821731748726657 0
1644339306418 0.89226307259234 0
1644339307690 0.896869402030197 0
1644339308874 0.9013842317943427 0
1644339310045 0.9126963687870203 0
1644339311231 0.9188585181364964 0
1644339312474 0.9187194232254743 0
1644339313646 0.922280686621237 0
1644339314847 0.9238210399032647 0
1644339316254 0.9284044671457017 0
1644339317436 0.9292632307160152 0
1644339318589 0.9303452453058754 0
1644339319789 0.9368638951181646 0
1644339320983 0.9392008267309679 0
1644339322122 0.9413386165905762 0
1644339323292 0.9428398999913785 0
1644339324433 0.9416939796446439 0
1644339325693 0.9447366152254504 0
1644339326853 0.9457310750086415 0
1644339328269 0.9465056082830027 0
1644339329404 0.9467598584864958 0
1644339330608 0.9515615589778885 0
1644339332322 0.9510621828502624 0
1644339334317 0.9507011959046717 0
1644339335585 0.9504609287498923 0
1644339336882 0.9516017912504307 0
1644339338237 0.9534543577389658 0
1644339339656 0.9546157813305828 0
1644339341332 0.9549797710252218 0
1644339342922 0.9573353935960168 0
1644339344286 0.9570974120883844 0
1644339345851 0.9587912087912088 0
