1644339282769 1.0764412879943848 0
1644339283960 0.8511834740638733 0
1644339285270 0.6953613758087158 0
1644339286459 0.5939375162124634 0
1644339287670 0.5125852823257446 0
1644339288889 0.4482637047767639 0
1644339290140 0.392540842294693 0
1644339291343 0.3412021994590759 0
1644339292584 0.30319321155548096 0
1644339293881 0.27081459760665894 0
1644339295316 0.24351106584072113 0
1644339296520 0.22263169288635254 0
1644339297756 0.20194293558597565 0
1644339299053 0.1853799670934677 0
1644339300291 0.17323961853981018 0
1644339301479 0.16052180528640747 0
1644339302694 0.15116190910339355 0
1644339303885 0.14052027463912964 0
1644339305060 0.13094164431095123 0
1644339306418 0.12411722540855408 0
1644339307690 0.11866763979196548 0
1644339308874 0.11172115057706833 0
1644339310045 0.10502710938453674 0
1644339311231 0.09953294694423676 0
1644339312474 0.09626762568950653 0
1644339313646 0.09313692152500153 0
1644339314847 0.09047576785087585 0
1644339316254 0.0862416923046112 0
1644339317436 0.08277350664138794 0
1644339318589 0.08067001402378082 0
1644339319789 0.07687832415103912 0
1644339320983 0.07364848256111145 0
1644339322122 0.07141395658254623 0
1644339323292 0.06889768689870834 0
1644339324433 0.06837917864322662 0
1644339325693 0.06638254970312119 0
1644339326853 0.06445405632257462 0
1644339328269 0.06375961005687714 0
1644339329404 0.0632365345954895 0
1644339330608 0.05941023305058479 0
1644339332322 0.05898565426468849 0
1644339334317 0.05739263445138931 0
1644339335585 0.0574185736477375 0
1644339336882 0.056174665689468384 0
1644339338237 0.05294309929013252 0
1644339339656 0.05338826775550842 0
1644339341332 0.052009232342243195 0
1644339342922 0.050270143896341324 0
1644339344286 0.04964523762464523 0
1644339345851 0.04855295270681381 0
