1644339856801 0.49805027984218736 0
1644339857663 0.6210661528580603 0
1644339858475 0.7593815946417103 0
1644339859301 0.8640700981741444 0
1644339860462 0.9216671254243508 0
1644339861429 0.951509312780989 0
1644339862152 0.9664648132856225 0
1644339862953 0.9726580420222039 0
1644339863821 0.9781401963482889 0
1644339864776 0.9811450591797413 0
1644339865560 0.9827965868428297 0
1644339866347 0.9851821268006239 0
1644339867113 0.985962014863749 0
1644339867817 0.9868565923479218 0
1644339868500 0.9883016790531242 0
1644339869183 0.9880952380952381 0
1644339869867 0.9882787411689146 0
1644339870574 0.9887833746215249 0
1644339871299 0.9892650701899257 0
1644339872013 0.9896091384530691 0
1644339872935 0.9896320763372787 0
1644339874003 0.9899990824846316 0
1644339874733 0.9902743370951463 0
1644339875598 0.9899073309477934 0
1644339876401 0.989976144600422 0
1644339877322 0.9906184053582897 0
1644339878083 0.9902972749793559 0
1644339878932 0.990916597853014 0
1644339879764 0.9903890265161941 0
1644339880511 0.990916597853014 0
1644339881201 0.990916597853014 0
1644339881882 0.991283604000367 0
1644339882569 0.9910312872740619 0
1644339883300 0.9911230388109001 0
1644339883973 0.9911230388109001 0
1644339884650 0.9913753555372052 0
1644339885671 0.9912606661161575 0
1644339886368 0.991077163042481 0
1644339887096 0.9911230388109001 0
1644339887787 0.9911689145793192 0
1644339888461 0.9915129828424626 0
1644339889227 0.9913065418845766 0
1644339889978 0.9911689145793192 0
1644339890666 0.9915129828424626 0
1644339891398 0.9915817964950913 0
1644339892154 0.9917194238003486 0
1644339892944 0.9917194238003486 0
1644339893690 0.9915129828424626 0
1644339894760 0.9917652995687678 0
1644339895433 0.9916506101477199 0
