1644339856801 1.1514898538589478 0
1644339857663 0.7859301567077637 0
1644339858475 0.5242244005203247 0
1644339859301 0.35970088839530945 0
1644339860462 0.2644554674625397 0
1644339861429 0.2056865096092224 0
1644339862152 0.16401030123233795 0
1644339862953 0.13842417299747467 0
1644339863821 0.11885708570480347 0
1644339864776 0.10455755144357681 0
1644339865560 0.09368249028921127 0
1644339866347 0.08439584076404572 0
1644339867113 0.07731891423463821 0
1644339867817 0.07198534160852432 0
1644339868500 0.06691820919513702 0
1644339869183 0.06335491687059402 0
1644339869867 0.061329618096351624 0
1644339870574 0.05729586258530617 0
1644339871299 0.055085089057683945 0
1644339872013 0.0523102693259716 0
1644339872935 0.05095582827925682 0
1644339874003 0.05004522204399109 0
1644339874733 0.0475567989051342 0
1644339875598 0.0469462051987648 0
1644339876401 0.045373838394880295 0
1644339877322 0.04409889504313469 0
1644339878083 0.043617792427539825 0
1644339878932 0.04136119410395622 0
1644339879764 0.04247282072901726 0
1644339880511 0.040568578988313675 0
1644339881201 0.0397794134914875 0
1644339881882 0.039105772972106934 0
1644339882569 0.03911485895514488 0
1644339883300 0.03816257417201996 0
1644339883973 0.03770499676465988 0
1644339884650 0.03669862076640129 0
1644339885671 0.03641899675130844 0
1644339886368 0.03645920753479004 0
1644339887096 0.03617660328745842 0
1644339887787 0.03542404994368553 0
1644339888461 0.03420184552669525 0
1644339889227 0.03416047245264053 0
1644339889978 0.03497867286205292 0
1644339890666 0.03359566256403923 0
1644339891398 0.03224527835845947 0
1644339892154 0.03327606990933418 0
1644339892944 0.031795356422662735 0
1644339893690 0.032669901847839355 0
1644339894760 0.031153634190559387 0
1644339895433 0.031819574534893036 0
