1644339856801 0.7006060408410144 0
1644339857663 0.8040932362675308 0
1644339858475 0.8762417749873218 0
1644339859301 0.9188065605867425 0
1644339860462 0.9430258304734661 0
1644339861429 0.9542283912050574 0
1644339862152 0.9642032587367034 0
1644339862953 0.9691187625015029 0
1644339863821 0.9726079747546283 0
1644339864776 0.9744588598215199 0
1644339865560 0.9773017609216228 0
1644339866347 0.9797204995643068 0
1644339867113 0.9805857195129813 0
1644339867817 0.9831001240903904 0
1644339868500 0.9842053966262412 0
1644339869183 0.9853609164993429 0
1644339869867 0.9850014453775889 0
1644339870574 0.9866725759952978 0
1644339871299 0.9876441637704448 0
1644339872013 0.9890864970089722 0
1644339872935 0.9887992281020583 0
1644339874003 0.9891470306952477 0
1644339874733 0.9898285029847168 0
1644339875598 0.9907791114077064 0
1644339876401 0.9914552994159096 0
1644339877322 0.9916598664322133 0
1644339878083 0.9916827723915441 0
1644339878932 0.9930565921902109 0
1644339879764 0.9918644623365143 0
1644339880511 0.9929240896152237 0
1644339881201 0.9930729250191865 0
1644339881882 0.9932489151401671 0
1644339882569 0.9933870264308459 0
1644339883300 0.9941447541433255 0
1644339883973 0.9944793838099614 0
1644339884650 0.9947973917676534 0
1644339885671 0.9944407938905069 0
1644339886368 0.9946807975903037 0
1644339887096 0.9946912572673089 0
1644339887787 0.9951594205882033 0
1644339888461 0.9954167859740934 0
1644339889227 0.99578052140861 0
1644339889978 0.9953010984354136 0
1644339890666 0.995604193520282 0
1644339891398 0.9960470554002626 0
1644339892154 0.995758779857767 0
1644339892944 0.9964462208518112 0
1644339893690 0.9960440843808965 0
1644339894760 0.9969314814225204 0
1644339895433 0.9961877355005057 0
