1644339856801 0.29846439906389255 0
1644339857663 0.3713372402770378 0
1644339858475 0.4888910543753654 0
1644339859301 0.6319254658385094 0
1644339860462 0.752661693343956 0
1644339861429 0.8319020356234096 0
1644339862152 0.8794127350709338 0
1644339862953 0.899561846983485 0
1644339863821 0.9188176164920351 0
1644339864776 0.9296353364149974 0
1644339865560 0.9355448607768992 0
1644339866347 0.9443583118001723 0
1644339867113 0.9472140762463342 0
1644339867817 0.950565093607109 0
1644339868500 0.9559965487489215 0
1644339869183 0.9552161532487704 0
1644339869867 0.9558760037993265 0
1644339870574 0.9578266494178526 0
1644339871299 0.9595785109690793 0
1644339872013 0.9609449090438831 0
1644339872935 0.9609806629834254 0
1644339874003 0.96234237346692 0
1644339874733 0.9634356674715417 0
1644339875598 0.9620165745856353 0
1644339876401 0.962272295605629 0
1644339877322 0.9647687139288483 0
1644339878083 0.9635313389085266 0
1644339878932 0.9658797173875582 0
1644339879764 0.9638824239289716 0
1644339880511 0.965909090909091 0
1644339881201 0.9658855961405927 0
1644339881882 0.9672808679180299 0
1644339882569 0.9663366336633663 0
1644339883300 0.9666810159276797 0
1644339883973 0.9666695375075359 0
1644339884650 0.9676753782668501 0
1644339885671 0.9672314440526361 0
1644339886368 0.9665548963975582 0
1644339887096 0.9666695375075359 0
1644339887787 0.9668931120474675 0
1644339888461 0.9681802545579636 0
1644339889227 0.9674258702191663 0
1644339889978 0.9669329210684531 0
1644339890666 0.968213058419244 0
1644339891398 0.9684734988403058 0
1644339892154 0.9689835896554686 0
1644339892944 0.9689995706311721 0
1644339893690 0.9682294349991414 0
1644339894760 0.9691819040260966 0
1644339895433 0.9687285223367696 0
