1644338909175 0.29933204319870155 0
1644338910503 0.4143410388469677 0
1644338911808 0.6406789936344346 0
1644338913117 0.8154928511990316 0
1644338914818 0.8906059373729159 0
1644338916312 0.9216013344453712 0
1644338917796 0.9361378611251899 0
1644338919187 0.946653075093442 0
1644338920518 0.9515373477557277 0
1644338922257 0.9560017086715079 0
1644338924489 0.9565143101238787 0
1644338925711 0.9603561948796986 0
1644338927051 0.9597607859888937 0
1644338928479 0.9620058189286325 0
1644338930378 0.9632478632478633 0
1644338931596 0.9635073925305531 0
1644338932850 0.9623738669403114 0
1644338934337 0.9627727856225932 0
1644338936873 0.96532877882152 0
1644338938049 0.9663613797825901 0
1644338939312 0.9652047533555612 0
1644338940544 0.9658711829612522 0
1644338941908 0.9675158146691742 0
1644338943130 0.9668262653898768 0
1644338944313 0.9657352815517389 0
