1644338909175 1.399376630783081 0
1644338910503 0.7439746856689453 0
1644338911808 0.36825791001319885 0
1644338913117 0.20980189740657806 0
1644338914818 0.1431380957365036 0
1644338916312 0.1093573048710823 0
1644338917796 0.09033150225877762 0
1644338919187 0.07730375230312347 0
1644338920518 0.06780198216438293 0
1644338922257 0.061609867960214615 0
1644338924489 0.05820498242974281 0
1644338925711 0.05360119417309761 0
1644338927051 0.051753029227256775 0
1644338928479 0.04880843684077263 0
1644338930378 0.04732152074575424 0
1644338931596 0.046018145978450775 0
1644338932850 0.0445144884288311 0
1644338934337 0.04394567757844925 0
1644338936873 0.041502323001623154 0
1644338938049 0.04015963524580002 0
1644338939312 0.039526790380477905 0
1644338940544 0.039430588483810425 0
1644338941908 0.03802616894245148 0
1644338943130 0.03801922872662544 0
1644338944313 0.03839565068483353 0
