1644338909175 0.4850903752637857 0
1644338910503 0.6635241765299569 0
1644338911808 0.8640471602899349 0
1644338913117 0.944054500412882 0
1644338914818 0.9691485457381411 0
1644338916312 0.9784383888430132 0
1644338917796 0.9826589595375722 0
1644338919187 0.985595008716396 0
1644338920518 0.98694834388476 0
1644338922257 0.9881869896320763 0
1644338924489 0.9883246169373338 0
1644338925711 0.9893797596109735 0
1644338927051 0.989196256537297 0
1644338928479 0.9898155794109551 0
1644338930378 0.990136709789889 0
1644338931596 0.9902055234425177 0
1644338932850 0.9899073309477934 0
1644338934337 0.9900220203688411 0
1644338936873 0.9906872190109184 0
1644338938049 0.9909854115056427 0
1644338939312 0.9906642811267089 0
1644338940544 0.9908477842003853 0
1644338941908 0.991283604000367 0
1644338943130 0.9911001009266905 0
1644338944313 0.9908019084319662 0
