1644338909175 0.6776397861810377 0
1644338910503 0.850789076016499 0
1644338911808 0.9318783653970001 0
1644338913117 0.962160103472249 0
1644338914818 0.9705868906607339 0
1644338916312 0.9766869011797538 0
1644338917796 0.9780741847189095 0
1644338919187 0.981025980340441 0
1644338920518 0.9843065656648774 0
1644338922257 0.9855381637202077 0
1644338924489 0.9853708118479562 0
1644338925711 0.9878529284617372 0
1644338927051 0.9882097356598389 0
1644338928479 0.9896074518341735 0
1644338930378 0.9901728009860103 0
1644338931596 0.9903905418216766 0
1644338932850 0.9915786506287901 0
1644338934337 0.9915177448603157 0
1644338936873 0.9921407703152146 0
1644338938049 0.9925110026092442 0
1644338939312 0.9939541240040738 0
1644338940544 0.9932595563658113 0
1644338941908 0.9941754708546172 0
1644338943130 0.9943503847261259 0
1644338944313 0.9934122095189447 0
