1644338329275 0.6306218653593295 0
1644338331949 0.8749529190374458 0
1644338334555 0.9326507730125944 0
1644338337000 0.9555524665236346 0
1644338339515 0.9662045859376035 0
1644338342152 0.9721118842130353 0
1644338344846 0.9748286349794473 0
1644338347391 0.9790056573554193 0
1644338349913 0.9821387855896676 0
1644338353889 0.9855549836972257 0
1644338356681 0.9880382596172067 0
1644338359582 0.9900003069290544 0
1644338362149 0.9918260306575487 0
1644338366629 0.9928808005704706 0
1644338369874 0.9940039987836546 0
1644338373868 0.9946485164844 0
1644338377041 0.9947729226921667 0
1644338380369 0.9953173997325854 0
1644338383565 0.9955692614505193 0
1644338388673 0.9959489273606864 0
1644338392931 0.9959890191355829 0
1644338397813 0.9959086623552091 0
1644338401972 0.9967237255626062 0
1644338406150 0.9965348176144053 0
1644338410186 0.9967250270128662 0
