1644338329275 0.801931369850445 0
1644338331949 0.8861363427837416 0
1644338334555 0.9286173043398477 0
1644338337000 0.9547664923387467 0
1644338339515 0.9707771355170199 0
1644338342152 0.9778420038535646 0
1644338344846 0.982934214148087 0
1644338347391 0.9843793008532893 0
1644338349913 0.985962014863749 0
1644338353889 0.9877511698320947 0
1644338356681 0.9891733186530874 0
1644338359582 0.9896779521056978 0
1644338362149 0.990503715937242 0
1644338366629 0.9913524176529956 0
1644338369874 0.9910083493898523 0
1644338373868 0.9911230388109001 0
1644338377041 0.9914441691898339 0
1644338380369 0.9911230388109001 0
1644338383565 0.9914441691898339 0
1644338388673 0.9914441691898339 0
1644338392931 0.9916047343793009 0
1644338397813 0.9918570511056061 0
1644338401972 0.9917423616845582 0
1644338406150 0.9916735480319295 0
1644338410186 0.9917652995687678 0
