1644338329275 0.6219849586486816 0
1644338331949 0.3049885630607605 0
1644338334555 0.1992879956960678 0
1644338337000 0.14221544563770294 0
1644338339515 0.10804814100265503 0
1644338342152 0.08802390843629837 0
1644338344846 0.07573887705802917 0
1644338347391 0.06755433231592178 0
1644338349913 0.06023591011762619 0
1644338353889 0.05400366336107254 0
1644338356681 0.048240162432193756 0
1644338359582 0.045518048107624054 0
1644338362149 0.04153558611869812 0
1644338366629 0.03866227716207504 0
1644338369874 0.0373271219432354 0
1644338373868 0.03643893077969551 0
1644338377041 0.03529395908117294 0
1644338380369 0.03459922969341278 0
1644338383565 0.03351837769150734 0
1644338388673 0.032992735505104065 0
1644338392931 0.032218996435403824 0
1644338397813 0.032010532915592194 0
1644338401972 0.030633259564638138 0
1644338406150 0.031014706939458847 0
1644338410186 0.030298380181193352 0
