1644338329275 0.2249349250516112 0
1644338331949 0.5614066089415091 0
1644338334555 0.7235252309879175 0
1644338337000 0.8241483859461387 0
1644338339515 0.8874160480735241 0
1644338342152 0.9152631578947368 0
1644338344846 0.9351577479518912 0
1644338347391 0.9410032054058737 0
1644338349913 0.9470038101835816 0
1644338353889 0.9538062283737025 0
1644338356681 0.9592189390012096 0
1644338359582 0.9612068965517241 0
1644338362149 0.9643779039752194 0
1644338366629 0.967586621958559 0
1644338369874 0.9663230240549828 0
1644338373868 0.9667325711338433 0
1644338377041 0.9679250150485853 0
1644338380369 0.9667668527264921 0
1644338383565 0.9679855806368552 0
1644338388673 0.967963583268917 0
1644338392931 0.9685782967032966 0
1644338397813 0.9695200480810509 0
1644338401972 0.9691252144082334 0
1644338406150 0.9688652543099752 0
1644338410186 0.9691924826225006 0
