1644338675064 0.22336435040308375 0
1644338677619 0.22501872035943093 0
1644338680123 0.22750481292374655 0
1644338683042 0.22846655274982597 0
1644338687993 0.22764886538133425 0
1644338691291 0.22757064108685274 0
1644338694372 0.2249927644321749 0
1644338697251 0.22400407870037775 0
1644338700901 0.22052456079231572 0
1644338704213 0.2246261533566656 0
1644338707084 0.24473809147016937 0
1644338709738 0.29421858500527986 0
1644338712797 0.3445059749344215 0
1644338716549 0.3883666924693133 0
1644338719601 0.4412665985699694 0
1644338722650 0.4961468721668178 0
1644338726062 0.5560008906702294 0
1644338729605 0.5999780629593068 0
1644338732646 0.646957643517523 0
1644338735544 0.6989460502974016 0
1644338739274 0.7321227044218733 0
1644338743075 0.7672993873656724 0
1644338745792 0.8002744021952176 0
1644338748854 0.8306031990749664 0
1644338751699 0.852012852012852 0
