1644338675064 5.5863423347473145 0
1644338677619 5.216700553894043 0
1644338680123 4.8205485343933105 0
1644338683042 4.435734748840332 0
1644338687993 4.047774314880371 0
1644338691291 3.623431921005249 0
1644338694372 3.170893430709839 0
1644338697251 2.688753604888916 0
1644338700901 2.1482994556427 0
1644338704213 1.5387883186340332 0
1644338707084 0.9843348860740662 0
1644338709738 0.6110024452209473 0
1644338712797 0.4637148678302765 0
1644338716549 0.4095107316970825 0
1644338719601 0.36782604455947876 0
1644338722650 0.32945942878723145 0
1644338726062 0.29430878162384033 0
1644338729605 0.26415225863456726 0
1644338732646 0.23602695763111115 0
1644338735544 0.2093047946691513 0
1644338739274 0.18784429132938385 0
1644338743075 0.16773147881031036 0
1644338745792 0.14987391233444214 0
1644338748854 0.13081389665603638 0
1644338751699 0.12063150107860565 0
