1644338675064 0.2534842547040617 0
1644338677619 0.29118453235565334 0
1644338680123 0.3453065790757429 0
1644338683042 0.3841489161377145 0
1644338687993 0.4092408273158636 0
1644338691291 0.4318594214534995 0
1644338694372 0.44715982093796103 0
1644338697251 0.4659728261327847 0
1644338700901 0.48640888334830623 0
1644338704213 0.5149342118765853 0
1644338707084 0.5476105144323018 0
1644338709738 0.5943096467651117 0
1644338712797 0.6510966924969156 0
1644338716549 0.6995658888611915 0
1644338719601 0.7454166322462322 0
1644338722650 0.7878423508861256 0
1644338726062 0.8258274069933637 0
1644338729605 0.8557532465062146 0
1644338732646 0.8826341260696019 0
1644338735544 0.9045190810183283 0
1644338739274 0.9220480507969423 0
1644338743075 0.9357106636925054 0
1644338745792 0.9467217636396007 0
1644338748854 0.9585856499235951 0
1644338751699 0.9630082036100595 0
