1644338675064 0.1404027892467199 0
1644338677619 0.1453803101201945 0
1644338680123 0.1532250665198642 0
1644338683042 0.16109276080374346 0
1644338687993 0.1693274612349757 0
1644338691291 0.18359482521332232 0
1644338694372 0.20150931278098907 0
1644338697251 0.23192494724286633 0
1644338700901 0.2814937150197266 0
1644338704213 0.3851041379943114 0
1644338707084 0.5621157904394899 0
1644338709738 0.7547022662629599 0
1644338712797 0.8452380952380952 0
1644338716549 0.8731305624369208 0
1644338719601 0.8870767960363336 0
1644338722650 0.898018166804294 0
1644338726062 0.9085237177722727 0
1644338729605 0.9163455362877329 0
1644338732646 0.9246719882558033 0
1644338735544 0.9338242040554179 0
1644338739274 0.9401091843288375 0
1644338743075 0.9468529222864484 0
1644338745792 0.9532525919809157 0
1644338748854 0.9596751995595926 0
1644338751699 0.9640792733278283 0
