1644339494266 0.6063086670331862 0
1644339496152 0.780539301986544 0
1644339497789 0.889274385019429 0
1644339499120 0.9398829019143582 0
1644339501204 0.9597819491701589 0
1644339502731 0.9687659943568108 0
1644339504204 0.975696438890216 0
1644339505899 0.9792421616492614 0
1644339506881 0.9810854839948786 0
1644339507614 0.9827541243219099 0
1644339508336 0.9840763557504029 0
1644339509240 0.9854598925119634 0
1644339509977 0.9860192082245635 0
1644339510802 0.9866652359587713 0
1644339511606 0.9888667502388996 0
1644339512444 0.9891859316950713 0
1644339513474 0.9900173761710288 0
1644339515094 0.9915721189665984 0
1644339516470 0.9912044789749611 0
1644339517590 0.992541680310366 0
1644339518849 0.9921769535248502 0
1644339519559 0.9924738644030113 0
1644339520331 0.9925817391015138 0
1644339521051 0.9938256163202045 0
1644339521804 0.9937110566964424 0
1644339522554 0.9942503573588019 0
1644339523675 0.9937386306337793 0
1644339524381 0.9943498256920636 0
1644339525093 0.9948746618446338 0
1644339525803 0.9955681439409848 0
1644339526674 0.9954163570741461 0
1644339527441 0.9951925963603063 0
1644339528203 0.9953466630316328 0
1644339528905 0.9963404282629281 0
1644339529587 0.9960246278914371 0
1644339530272 0.9956346224218925 0
1644339531092 0.9963085992790741 0
1644339532054 0.9963378725866489 0
1644339532960 0.9961111125946882 0
1644339533682 0.9963168864677007 0
1644339534380 0.9967422233893685 0
1644339535089 0.996510800060639 0
1644339535808 0.9972449986264896 0
1644339536581 0.9970469712333917 0
1644339537379 0.9969677496826757 0
1644339538085 0.9969446051428285 0
1644339538853 0.9972570531203052 0
1644339539710 0.9977114029265761 0
1644339540523 0.9974674439836259 0
1644339541463 0.997488714802263 0
