1644339494266 1.4522699117660522 0
1644339496152 0.8430075645446777 0
1644339497789 0.46778392791748047 0
1644339499120 0.28437432646751404 0
1644339501204 0.1938418298959732 0
1644339502731 0.14616864919662476 0
1644339504204 0.1143987774848938 0
1644339505899 0.09455010294914246 0
1644339506881 0.08316044509410858 0
1644339507614 0.07366026192903519 0
1644339508336 0.06707363575696945 0
1644339509240 0.062357522547245026 0
1644339509977 0.05864490196108818 0
1644339510802 0.055486585944890976 0
1644339511606 0.051777955144643784 0
1644339512444 0.04909493029117584 0
1644339513474 0.047433070838451385 0
1644339515094 0.045605726540088654 0
1644339516470 0.04484552890062332 0
1644339517590 0.04213237017393112 0
1644339518849 0.04210864007472992 0
1644339519559 0.04167544096708298 0
1644339520331 0.040321122854948044 0
1644339521051 0.03892666846513748 0
1644339521804 0.03853131830692291 0
1644339522554 0.03776591643691063 0
1644339523675 0.03707818314433098 0
1644339524381 0.036482177674770355 0
1644339525093 0.036173075437545776 0
1644339525803 0.034967828541994095 0
1644339526674 0.03445567563176155 0
1644339527441 0.034801922738552094 0
1644339528203 0.03399096056818962 0
1644339528905 0.03249545395374298 0
1644339529587 0.0325448177754879 0
1644339530272 0.03318646550178528 0
1644339531092 0.03179914876818657 0
1644339532054 0.03196040913462639 0
1644339532960 0.03182882443070412 0
1644339533682 0.03209390863776207 0
1644339534380 0.03096887655556202 0
1644339535089 0.03145241364836693 0
1644339535808 0.029408929869532585 0
1644339536581 0.029880549758672714 0
1644339537379 0.029471680521965027 0
1644339538085 0.029592955484986305 0
1644339538853 0.02854049578309059 0
1644339539710 0.027412809431552887 0
1644339540523 0.02754097245633602 0
1644339541463 0.02823919616639614 0
