1644339494266 0.40643637030920265 0
1644339496152 0.5831039544912378 0
1644339497789 0.8023671896504266 0
1644339499120 0.920772547940178 0
1644339501204 0.9594687586017066 0
1644339502731 0.9719010918432883 0
1644339504204 0.9804339847692449 0
1644339505899 0.9843104872006606 0
1644339506881 0.9860078906321681 0
1644339507614 0.9872694742636939 0
1644339508336 0.9879117350215616 0
1644339509240 0.9887145609688962 0
1644339509977 0.9891045050004588 0
1644339510802 0.9893109459583448 0
1644339511606 0.9900449582530507 0
1644339512444 0.9905725295898706 0
1644339513474 0.990343150747775 0
1644339515094 0.990503715937242 0
1644339516470 0.9907560326635471 0
1644339517590 0.9909395357372236 0
1644339518849 0.9908707220845949 0
1644339519559 0.9906413432424993 0
1644339520331 0.9910542251582714 0
1644339521051 0.9912606661161575 0
1644339521804 0.9912147903477383 0
1644339522554 0.9911459766951096 0
1644339523675 0.9916047343793009 0
1644339524381 0.9914212313056243 0
1644339525093 0.9910542251582714 0
1644339525803 0.9913753555372052 0
1644339526674 0.9915359207266722 0
1644339527441 0.9914441691898339 0
1644339528203 0.9916276722635105 0
1644339528905 0.9918570511056061 0
1644339529587 0.9916047343793009 0
1644339530272 0.9916735480319295 0
1644339531092 0.9919029268740251 0
1644339532054 0.9914441691898339 0
1644339532960 0.9915588586108818 0
1644339533682 0.9918570511056061 0
1644339534380 0.9918799889898156 0
1644339535089 0.9916047343793009 0
1644339535808 0.9918799889898156 0
1644339536581 0.9919258647582347 0
1644339537379 0.9920176162950729 0
1644339538085 0.9919488026424442 0
1644339538853 0.9920864299477016 0
1644339539710 0.9921093678319112 0
1644339540523 0.9924993118634737 0
1644339541463 0.9919717405266538 0
