1644339494266 0.2642517983566006 0
1644339496152 0.3517957131138771 0
1644339497789 0.5415558156858572 0
1644339499120 0.7507217090069284 0
1644339501204 0.8577867203219316 0
1644339502731 0.8981458385299742 0
1644339504204 0.9276444142845025 0
1644339505899 0.941717791411043 0
1644339506881 0.9478810663021191 0
1644339507614 0.9525438221462162 0
1644339508336 0.9550072568940493 0
1644339509240 0.9579271421241663 0
1644339509977 0.9593565500128347 0
1644339510802 0.9601095702790619 0
1644339511606 0.962893296853625 0
1644339512444 0.9648627853295716 0
1644339513474 0.9640140182921616 0
1644339515094 0.9646093349290477 0
1644339516470 0.965564385200376 0
1644339517590 0.9662422015212375 0
1644339518849 0.9659712722298222 0
1644339519559 0.9651282051282052 0
1644339520331 0.9666894431158182 0
1644339521051 0.967460927491673 0
1644339521804 0.9673458947906898 0
1644339522554 0.9670479767799214 0
1644339523675 0.9687713310580205 0
1644339524381 0.9680887372013652 0
1644339525093 0.9667575860893283 0
1644339525803 0.9679399727148704 0
1644339526674 0.9685663174035267 0
1644339527441 0.9681930587533044 0
1644339528203 0.9688380431998633 0
1644339528905 0.9697743720732227 0
1644339529587 0.9688139059304705 0
1644339530272 0.9690563464325291 0
1644339531092 0.9699446573009791 0
1644339532054 0.9682472120541414 0
1644339532960 0.9686541737649063 0
1644339533682 0.9697743720732227 0
1644339534380 0.9698672114402452 0
1644339535089 0.968824531516184 0
1644339535808 0.9699337523356547 0
1644339536581 0.9700272479564033 0
1644339537379 0.9704031297839769 0
1644339538085 0.9701505230036568 0
1644339538853 0.9706757331066722 0
1644339539710 0.970763216046235 0
1644339540523 0.9722056948576285 0
1644339541463 0.9702583276682529 0
