1644338586826 0.8780242204666138 0
1644338589915 0.36775729060173035 0
1644338592604 0.2094252109527588 0
1644338595306 0.14159148931503296 0
1644338597860 0.10747956484556198 0
1644338600575 0.08281392604112625 0
1644338603153 0.067287378013134 0
1644338606011 0.05468294024467468 0
1644338609082 0.047020141035318375 0
1644338612755 0.04302053526043892 0
1644338616029 0.03980163112282753 0
1644338619096 0.03724387288093567 0
1644338622280 0.0362311452627182 0
1644338625903 0.035363148897886276 0
1644338628737 0.03354758396744728 0
1644338631581 0.03294835984706879 0
1644338634542 0.03225832059979439 0
1644338637770 0.03177684172987938 0
1644338641365 0.031247440725564957 0
1644338647586 0.03085499443113804 0
1644338652372 0.03005865216255188 0
1644338657889 0.029909394681453705 0
1644338662761 0.029120057821273804 0
1644338667431 0.02828962355852127 0
1644338672274 0.028401287272572517 0
