1644338586826 0.19404703173820098 0
1644338589915 0.4605263157894737 0
1644338592604 0.7167118882524369 0
1644338595306 0.8344195711721923 0
1644338597860 0.8840073529411766 0
1644338600575 0.9196164530871942 0
1644338603153 0.9366752280577452 0
1644338606011 0.9515480146930209 0
1644338609082 0.9598125162746289 0
1644338612755 0.9631487889273356 0
1644338616029 0.9658149171270719 0
1644338619096 0.96874730951356 0
1644338622280 0.9679084573690097 0
1644338625903 0.9691910499139416 0
1644338628737 0.968806393400361 0
1644338631581 0.9696396318912875 0
1644338634542 0.9701761925225613 0
1644338637770 0.9696291835154435 0
1644338641365 0.9699209350292196 0
1644338647586 0.9694315644856604 0
1644338652372 0.9699054170249354 0
1644338657889 0.9697646452499571 0
1644338662761 0.9701813182091604 0
1644338667431 0.9704365761430045 0
1644338672274 0.9699467628370255 0
