1644338586826 0.6627442884668319 0
1644338589915 0.8739792641526746 0
1644338592604 0.9353381044132489 0
1644338595306 0.9597898889806404 0
1644338597860 0.9710523901275346 0
1644338600575 0.9794247178640242 0
1644338603153 0.9835994127901643 0
1644338606011 0.9872924121479035 0
1644338609082 0.9893797596109735 0
1644338612755 0.9902284613267273 0
1644338616029 0.990916597853014 0
1644338619096 0.9916735480319295 0
1644338622280 0.9914441691898339 0
1644338625903 0.9917882374529773 0
1644338628737 0.9916735480319295 0
1644338631581 0.9919029268740251 0
1644338634542 0.9920405541792825 0
1644338637770 0.9919029268740251 0
1644338641365 0.9919717405266538 0
1644338647586 0.9918341132213965 0
1644338652372 0.9919717405266538 0
1644338657889 0.9919258647582347 0
1644338662761 0.9920405541792825 0
1644338667431 0.9921093678319112 0
1644338672274 0.9919717405266538 0
