1644338586826 0.5100655042976604 0
1644338589915 0.7707434191168929 0
1644338592604 0.9003507584821028 0
1644338595306 0.9492266318195843 0
1644338597860 0.9663703949031031 0
1644338600575 0.9759174689898756 0
1644338603153 0.9818917088748158 0
1644338606011 0.9865542404063307 0
1644338609082 0.9898144736456975 0
1644338612755 0.9919757796538701 0
1644338616029 0.9930462593196057 0
1644338619096 0.9937171707038169 0
1644338622280 0.9943447306652288 0
1644338625903 0.9943231594097335 0
1644338628737 0.9954625466353942 0
1644338631581 0.9956004995481392 0
1644338634542 0.9959168787028922 0
1644338637770 0.9961458971620953 0
1644338641365 0.9965214405856037 0
1644338647586 0.9967693388939137 0
1644338652372 0.997042226610506 0
1644338657889 0.9969229468575252 0
1644338662761 0.9972410884278571 0
1644338667431 0.9974853552266388 0
1644338672274 0.9975751650797777 0
