1644339130146 0.2620194513258097 0
1644339132126 0.35172951646940087 0
1644339134373 0.47710799155885864 0
1644339136552 0.6430406459308193 0
1644339138967 0.8340444077438297 0
1644339141465 0.9165749151298285 0
1644339145155 0.9396274887604368 0
1644339147427 0.9570602807597027 0
1644339149422 0.9686897880539499 0
1644339151641 0.9768556748325534 0
1644339154122 0.9815350032113038 0
1644339156510 0.9843563629690797 0
1644339159305 0.9872465363794843 0
1644339161938 0.9890586292320397 0
1644339164670 0.9895862005688595 0
1644339167389 0.9904807780530324 0
1644339170193 0.9911001009266905 0
1644339172867 0.9912147903477383 0
1644339175573 0.9915359207266722 0
1644339178268 0.9916047343793009 0
1644339181019 0.9915359207266722 0
1644339183962 0.9916735480319295 0
1644339186721 0.9918111753371869 0
1644339189571 0.9917423616845582 0
1644339192420 0.9917652995687678 0
