1644339130146 2.870407819747925 0
1644339132126 2.082209825515747 0
1644339134373 1.412791132926941 0
1644339136552 0.8367465734481812 0
1644339138967 0.4167241156101227 0
1644339141465 0.255082905292511 0
1644339145155 0.19303911924362183 0
1644339147427 0.1472899615764618 0
1644339149422 0.11587497591972351 0
1644339151641 0.09420361369848251 0
1644339154122 0.07886218279600143 0
1644339156510 0.0700339749455452 0
1644339159305 0.06167000159621239 0
1644339161938 0.05516202747821808 0
1644339164670 0.05127198249101639 0
1644339167389 0.04712764546275139 0
1644339170193 0.04417450726032257 0
1644339172867 0.042572151869535446 0
1644339175573 0.040864620357751846 0
1644339178268 0.03937746584415436 0
1644339181019 0.03857511654496193 0
1644339183962 0.03768809139728546 0
1644339186721 0.03678538277745247 0
1644339189571 0.036083295941352844 0
1644339192420 0.03566373139619827 0
