1644339130146 0.5090559015031145 0
1644339132126 0.6018463711326971 0
1644339134373 0.6691621362712155 0
1644339136552 0.7204661658068054 0
1644339138967 0.7959869596559346 0
1644339141465 0.8739590052290254 0
1644339145155 0.921900269152676 0
1644339147427 0.9505978633256471 0
1644339149422 0.9650949619761356 0
1644339151641 0.9722767881624119 0
1644339154122 0.9772199839573981 0
1644339156510 0.9789821204482492 0
1644339159305 0.9816696906696147 0
1644339161938 0.9835039083428474 0
1644339164670 0.9854499164995429 0
1644339167389 0.9870292462910296 0
1644339170193 0.988439047146106 0
1644339172867 0.9894345937529713 0
1644339175573 0.990805358383494 0
1644339178268 0.9916706757525384 0
1644339181019 0.9921640253490539 0
1644339183962 0.9926256717126622 0
1644339186721 0.9932825169115791 0
1644339189571 0.9938193220114304 0
1644339192420 0.994078697808052 0
