1644339130146 0.2357412642231038 0
1644339132126 0.2579425510686341 0
1644339134373 0.28940149625935163 0
1644339136552 0.34563955933058615 0
1644339138967 0.4907439994368973 0
1644339141465 0.6473383108697759 0
1644339145155 0.7388888888888889 0
1644339147427 0.8218839200761179 0
1644339149422 0.8738563903520932 0
1644339151641 0.9092217723796671 0
1644339154122 0.9286031042128603 0
1644339156510 0.9400597644577254 0
1644339159305 0.9515679442508712 0
1644339161938 0.9587263130570217 0
1644339164670 0.9607809260539045 0
1644339167389 0.9642703400774859 0
1644339170193 0.9666609383055508 0
1644339172867 0.9671046981018636 0
1644339175573 0.9683506304142723 0
1644339178268 0.9686160178357057 0
1644339181019 0.9683506304142723 0
1644339183962 0.968881268752679 0
1644339186721 0.9694008742607355 0
1644339189571 0.9691516709511568 0
1644339192420 0.9692452668551357 0
