1644338833733 0.4967157542705536 0
1644338835180 0.3368506133556366 0
1644338836791 0.23123730719089508 0
1644338838391 0.17069363594055176 0
1644338839800 0.13023199141025543 0
1644338841944 0.10337396711111069 0
1644338843236 0.08871330320835114 0
1644338844441 0.07716197520494461 0
1644338845804 0.06881551444530487 0
1644338847021 0.06305533647537231 0
1644338848558 0.05925479158759117 0
1644338849926 0.054928816854953766 0
1644338851180 0.0537969172000885 0
1644338852734 0.049962446093559265 0
1644338854035 0.0477791428565979 0
1644338855420 0.045957572758197784 0
1644338856960 0.04477248340845108 0
1644338858193 0.04419092461466789 0
1644338859858 0.04222181811928749 0
1644338861484 0.041064467281103134 0
1644338863052 0.04039044305682182 0
1644338864585 0.03963853046298027 0
1644338865890 0.03868866339325905 0
1644338867298 0.0385531522333622 0
1644338868602 0.03688061237335205 0
