1644338833733 0.6792271105676999 0
1644338835180 0.80427946041468 0
1644338836791 0.8922876991999016 0
1644338838391 0.9359561326644747 0
1644338839800 0.9601609834267287 0
1644338841944 0.9720507444854479 0
1644338843236 0.9772714985724602 0
1644338844441 0.9808162109248194 0
1644338845804 0.9839730220399785 0
1644338847021 0.9864744211995069 0
1644338848558 0.9871408731370616 0
1644338849926 0.9890154228885228 0
1644338851180 0.9890529989069496 0
1644338852734 0.9907755333086972 0
1644338854035 0.9914012546256071 0
1644338855420 0.9922963533028031 0
1644338856960 0.9923933196053871 0
1644338858193 0.9922062771378258 0
1644338859858 0.993522090769655 0
1644338861484 0.9936652772861799 0
1644338863052 0.9940245979623845 0
1644338864585 0.9944784823997266 0
1644338865890 0.9942113567183974 0
1644338867298 0.9948738682177779 0
1644338868602 0.9954175991488436 0
