1644338833733 0.24494949494949497 0
1644338835180 0.4702537182852144 0
1644338836791 0.6590460355398524 0
1644338838391 0.776586325627152 0
1644338839800 0.8485592820028343 0
1644338841944 0.8897296299713944 0
1644338843236 0.9088923272958951 0
1644338844441 0.9271236825511215 0
1644338845804 0.9357091690544412 0
1644338847021 0.9422047805922227 0
1644338848558 0.9467413532497555 0
1644338849926 0.9505669737774628 0
1644338851180 0.9510985116938342 0
1644338852734 0.9541154628237999 0
1644338854035 0.9569132968391311 0
1644338855420 0.9582157968970382 0
1644338856960 0.9590828924162258 0
1644338858193 0.9600633356790992 0
1644338859858 0.9612648221343874 0
1644338861484 0.9619985925404644 0
1644338863052 0.9615418463433952 0
1644338864585 0.9627351028300228 0
1644338865890 0.9635215713784636 0
1644338867298 0.963281799016163 0
1644338868602 0.9645489645489645 0
