1644338833733 0.8353977429121938 0
1644338835180 0.8888888888888888 0
1644338836791 0.924740801908432 0
1644338838391 0.9479080649600881 0
1644338839800 0.9632305716120745 0
1644338841944 0.9725892283695752 0
1644338843236 0.97703917790623 0
1644338844441 0.9814432516744656 0
1644338845804 0.9835305991375356 0
1644338847021 0.9851362510322048 0
1644338848558 0.9862602073584733 0
1644338849926 0.9872006606110653 0
1644338851180 0.9873382879163226 0
1644338852734 0.9880952380952381 0
1644338854035 0.9888063125057345 0
1644338855420 0.9891274428846684 0
1644338856960 0.9893568217267639 0
1644338858193 0.9895862005688595 0
1644338859858 0.9898843930635838 0
1644338861484 0.9900908340214699 0
1644338863052 0.989976144600422 0
1644338864585 0.9902743370951463 0
1644338865890 0.9904578401688229 0
1644338867298 0.9904119644004037 0
1644338868602 0.9907330947793376 0
