1644339219481 0.1982750450194294 0
1644339220710 0.4128751867445335 0
1644339221931 0.6738063364569389 0
1644339223123 0.8058899796258566 0
1644339224573 0.865627864344638 0
1644339225826 0.9025862845814184 0
1644339227086 0.9173605515265466 0
1644339228299 0.9273842325126656 0
1644339229592 0.9392948661306 0
1644339230903 0.9443073669369052 0
1644339232131 0.9453969928778687 0
1644339233337 0.9494204425711276 0
1644339234603 0.9521640091116174 0
1644339235808 0.9547123623011015 0
1644339237284 0.9592957378192277 0
1644339238493 0.9575768156424581 0
1644339240112 0.9582788955665883 0
1644339241475 0.9611903933170902 0
1644339242696 0.9605080027835768 0
1644339244070 0.960980272877379 0
1644339245507 0.9608082215641873 0
1644339246858 0.9632136040256811 0
1644339248050 0.9625835576004862 0
1644339249240 0.9622100599426635 0
1644339250459 0.9646263221779088 0
1644339251628 0.9623590633130963 0
1644339252788 0.9642021322700876 0
1644339253965 0.9645672702070518 0
1644339255212 0.9648302148302149 0
1644339256422 0.9664185563441233 0
1644339257712 0.9644309822587623 0
1644339259058 0.9667705088265837 0
1644339260319 0.9662688116242865 0
1644339261496 0.9672230390037188 0
1644339262645 0.9672116965135392 0
1644339263773 0.9665195951206852 0
1644339264944 0.967027260926006 0
1644339266182 0.9660181582360571 0
1644339267393 0.9670557717250324 0
1644339268604 0.9682155812748315 0
1644339270004 0.9669607334371217 0
1644339271378 0.9668679896462469 0
1644339272592 0.9676137835737111 0
1644339273951 0.9687877220210381 0
1644339275243 0.9677140883977899 0
1644339276441 0.9698587667929729 0
1644339277613 0.9681814262309217 0
1644339278834 0.9690170018123759 0
1644339280013 0.9688443945801329 0
1644339281214 0.9676193765650634 0
