1644339219481 0.4932714501091393 0
1644339220710 0.7241837583847868 0
1644339221931 0.8672930677878151 0
1644339223123 0.9275268422075844 0
1644339224573 0.9540973607858227 0
1644339225826 0.9641296218792542 0
1644339227086 0.9731010224769625 0
1644339228299 0.9775946883154896 0
1644339229592 0.9803979161318774 0
1644339230903 0.9835159171036979 0
1644339232131 0.9862364571555595 0
1644339233337 0.9879861935759073 0
1644339234603 0.9884674615608584 0
1644339235808 0.9903612399109333 0
1644339237284 0.9905150500783948 0
1644339238493 0.9918447901807508 0
1644339240112 0.9921125794727857 0
1644339241475 0.9922924211799758 0
1644339242696 0.9937992091977209 0
1644339244070 0.994016661184324 0
1644339245507 0.9940777232611561 0
1644339246858 0.9940576739587799 0
1644339248050 0.9938467103473897 0
1644339249240 0.9950058842205229 0
1644339250459 0.9951148866944177 0
1644339251628 0.9950196056848049 0
1644339252788 0.9954189752127299 0
1644339253965 0.9948565356471513 0
1644339255212 0.9953295114439867 0
1644339256422 0.995951871489109 0
1644339257712 0.9953158925450859 0
1644339259058 0.9956154994021688 0
1644339260319 0.9960075800989697 0
1644339261496 0.9962856660634218 0
1644339262645 0.9960009891583753 0
1644339263773 0.9966709328514081 0
1644339264944 0.996254165113247 0
1644339266182 0.9963092181965397 0
1644339267393 0.9963188794095287 0
1644339268604 0.9971487046946637 0
1644339270004 0.9968157819260927 0
1644339271378 0.9967678013947501 0
1644339272592 0.9968731471898308 0
1644339273951 0.9970084309278612 0
1644339275243 0.9970441103024857 0
1644339276441 0.997526617990742 0
1644339277613 0.9975053869567979 0
1644339278834 0.9971063808670722 0
1644339280013 0.9971072415244028 0
1644339281214 0.9975417619922698 0
