1644339219481 0.6119368749426553 0
1644339220710 0.8016790531241398 0
1644339221931 0.9161620332140563 0
1644339223123 0.9519221946967612 0
1644339224573 0.9663730617487843 0
1644339225826 0.9752041471694651 0
1644339227086 0.9788283328745756 0
1644339228299 0.981259748600789 0
1644339229592 0.9842416735480319 0
1644339230903 0.9855032571795578 0
1644339232131 0.9857555739058629 0
1644339233337 0.9867877786952931 0
1644339234603 0.98747591522158 0
1644339235808 0.9881181759794476 0
1644339237284 0.9892880080741352 0
1644339238493 0.9888521882741536 0
1644339240112 0.9890127534636205 0
1644339241475 0.989769703642536 0
1644339242696 0.9895862005688595 0
1644339244070 0.9897008899899074 0
1644339245507 0.9896779521056978 0
1644339246858 0.9902743370951463 0
1644339248050 0.9901137719056794 0
1644339249240 0.9900220203688411 0
1644339250459 0.9906413432424993 0
1644339251628 0.9900449582530507 0
1644339252788 0.9905266538214516 0
1644339253965 0.9906184053582897 0
1644339255212 0.9906872190109184 0
1644339256422 0.9911001009266905 0
1644339257712 0.9905725295898706 0
1644339259058 0.9911918524635288 0
1644339260319 0.9910542251582714 0
1644339261496 0.9913065418845766 0
1644339262645 0.9913065418845766 0
1644339263773 0.9911230388109001 0
1644339264944 0.9912606661161575 0
1644339266182 0.9909854115056427 0
1644339267393 0.9912606661161575 0
1644339268604 0.9915588586108818 0
1644339270004 0.9912377282319479 0
1644339271378 0.9911918524635288 0
1644339272592 0.9913982934214148 0
1644339273951 0.9916964859161391 0
1644339275243 0.9914212313056243 0
1644339276441 0.9919717405266538 0
1644339277613 0.9915359207266722 0
1644339278834 0.9917652995687678 0
1644339280013 0.9917194238003486 0
1644339281214 0.9913982934214148 0
