1644339219481 0.9016717672348022 0
1644339220710 0.4803776741027832 0
1644339221931 0.2747991681098938 0
1644339223123 0.1874386966228485 0
1644339224573 0.14056995511054993 0
1644339225826 0.11300355195999146 0
1644339227086 0.09533170610666275 0
1644339228299 0.08381524682044983 0
1644339229592 0.07439304888248444 0
1644339230903 0.06750904023647308 0
1644339232131 0.06308529525995255 0
1644339233337 0.058091506361961365 0
1644339234603 0.05517448112368584 0
1644339235808 0.052060917019844055 0
1644339237284 0.04920404776930809 0
1644339238493 0.048379939049482346 0
1644339240112 0.04701592028141022 0
1644339241475 0.04525725170969963 0
1644339242696 0.043743401765823364 0
1644339244070 0.04272102937102318 0
1644339245507 0.0425204262137413 0
1644339246858 0.040365636348724365 0
1644339248050 0.04029470682144165 0
1644339249240 0.039657555520534515 0
1644339250459 0.0386091023683548 0
1644339251628 0.03880560025572777 0
1644339252788 0.03729858621954918 0
1644339253965 0.03692532330751419 0
1644339255212 0.03693762794137001 0
1644339256422 0.03528689220547676 0
1644339257712 0.03661153465509415 0
1644339259058 0.03534217178821564 0
1644339260319 0.034325867891311646 0
1644339261496 0.03354727104306221 0
1644339262645 0.03431476652622223 0
1644339263773 0.03319449722766876 0
1644339264944 0.03388327732682228 0
1644339266182 0.033326972275972366 0
1644339267393 0.03296668455004692 0
1644339268604 0.03179614618420601 0
1644339270004 0.03206334263086319 0
1644339271378 0.03183593973517418 0
1644339272592 0.031675562262535095 0
1644339273951 0.030830660834908485 0
1644339275243 0.0309734009206295 0
1644339276441 0.029306527227163315 0
1644339277613 0.030029918998479843 0
1644339278834 0.029455572366714478 0
1644339280013 0.030214320868253708 0
1644339281214 0.030060898512601852 0
