1644339266950 0.49905423292230283 0
1644339269509 0.6329700580008932 0
1644339272185 0.7508784982016425 0
1644339274795 0.8426180941809731 0
1644339277355 0.8950942607841987 0
1644339279913 0.9242605009261854 0
1644339282768 0.946880728900646 0
1644339285328 0.9629538659985268 0
1644339287853 0.9714918949612854 0
1644339290399 0.9791654545119424 0
1644339292908 0.9836262373868211 0
1644339295550 0.9863969818255578 0
1644339298065 0.9878552515980773 0
1644339300563 0.9898636250993934 0
1644339303089 0.9916852660400748 0
1644339305809 0.9921831660453949 0
1644339308755 0.9932374993946192 0
1644339311652 0.9933749746230353 0
1644339314681 0.9941819604320157 0
1644339317982 0.9944637308262531 0
1644339321111 0.9950527237994219 0
1644339324336 0.9954142562589697 0
1644339327912 0.9954276554301065 0
1644339331745 0.9959996119321892 0
1644339336682 0.9959210355553425 0
