1644339266950 0.5944582071749702 0
1644339269509 0.7547252041471695 0
1644339272185 0.8592302046059271 0
1644339274795 0.9068951279933939 0
1644339277355 0.9312780989081567 0
1644339279913 0.9481833195706028 0
1644339282768 0.9579548582438756 0
1644339285328 0.968368657675016 0
1644339287853 0.9753417744747225 0
1644339290399 0.9809615561060647 0
1644339292908 0.9852738783374622 0
1644339295550 0.988049362326819 0
1644339298065 0.9897926415267456 0
1644339300563 0.9908477842003853 0
1644339303089 0.9913065418845766 0
1644339305809 0.9915588586108818 0
1644339308755 0.9917423616845582 0
1644339311652 0.9921093678319112 0
1644339314681 0.9919258647582347 0
1644339317982 0.9921093678319112 0
1644339321111 0.9922011193687494 0
1644339324336 0.9920176162950729 0
1644339327912 0.9923387466740068 0
1644339331745 0.9920405541792825 0
1644339336682 0.9922469951371685 0
