1644339266950 1.0347131490707397 0
1644339269509 0.6144512891769409 0
1644339272185 0.39900368452072144 0
1644339274795 0.283735454082489 0
1644339277355 0.21999841928482056 0
1644339279913 0.1763034611940384 0
1644339282768 0.1426871418952942 0
1644339285328 0.11449921131134033 0
1644339287853 0.09390177577733994 0
1644339290399 0.07545879483222961 0
1644339292908 0.06236119568347931 0
1644339295550 0.05321083962917328 0
1644339298065 0.04703911393880844 0
1644339300563 0.04281965270638466 0
1644339303089 0.03960524871945381 0
1644339305809 0.03835469111800194 0
1644339308755 0.03674560412764549 0
1644339311652 0.0356731191277504 0
1644339314681 0.03467734158039093 0
1644339317982 0.033459775149822235 0
1644339321111 0.033154360949993134 0
1644339324336 0.03227502480149269 0
1644339327912 0.031693872064352036 0
1644339331745 0.03131941333413124 0
1644339336682 0.03108144924044609 0
