1644339266950 0.2014453477868112 0
1644339269509 0.29858970154148906 0
1644339272185 0.4492506506326842 0
1644339274795 0.600059119125037 0
1644339277355 0.706964006259781 0
1644339279913 0.7839311334289812 0
1644339282768 0.8276121508511239 0
1644339285328 0.8734514086445813 0
1644339287853 0.902582691436339 0
1644339290399 0.9258928571428572 0
1644339292908 0.9432962374138845 0
1644339295550 0.9544301583136535 0
1644339298065 0.9613211647109953 0
1644339300563 0.9654036243822076 0
1644339303089 0.9672173687397285 0
1644339305809 0.9681991012789493 0
1644339308755 0.9688850475367329 0
1644339311652 0.9703294807659133 0
1644339314681 0.9696080124330858 0
1644339317982 0.9703243616287095 0
1644339321111 0.970679544670576 0
1644339324336 0.9699844747283077 0
1644339327912 0.9711870255348516 0
1644339331745 0.9700836278989567 0
1644339336682 0.9708570443179859 0
