1644339339952 0.6381403716805023 0
1644339343466 0.7394406442976741 0
1644339346791 0.803614665442128 0
1644339349840 0.8970602039400623 0
1644339353758 0.9416176395200784 0
1644339356698 0.963342939847412 0
1644339359323 0.9734362650340743 0
1644339361977 0.9774175018967042 0
1644339364823 0.9801860390188473 0
1644339367461 0.9826584344384965 0
1644339370547 0.9843737286505145 0
1644339373241 0.9863908199259593 0
1644339375937 0.9878102291955096 0
1644339378717 0.989494561689828 0
1644339382355 0.990040752243131 0
1644339385570 0.9912411629175127 0
1644339389539 0.9919253022220456 0
1644339392914 0.9922910391724608 0
1644339399388 0.9931404389693368 0
1644339403019 0.9933381707512612 0
1644339406545 0.9939971564269736 0
1644339409990 0.9946625256881767 0
1644339413547 0.9942349715478902 0
1644339417040 0.9949849233168474 0
1644339420898 0.9953415010173452 0
