1644339339952 2.6497416496276855 0
1644339343466 1.4000694751739502 0
1644339346791 0.5047146081924438 0
1644339349840 0.2359006404876709 0
1644339353758 0.1700582057237625 0
1644339356698 0.12392178177833557 0
1644339359323 0.0963161513209343 0
1644339361977 0.08034764230251312 0
1644339364823 0.06937704235315323 0
1644339367461 0.06186287850141525 0
1644339370547 0.056190356612205505 0
1644339373241 0.051488179713487625 0
1644339375937 0.04760386422276497 0
1644339378717 0.04451846703886986 0
1644339382355 0.04279842972755432 0
1644339385570 0.04054567217826843 0
1644339389539 0.03940632566809654 0
1644339392914 0.03827568516135216 0
1644339399388 0.03753719851374626 0
1644339403019 0.03683742880821228 0
1644339406545 0.03570563346147537 0
1644339409990 0.03483952209353447 0
1644339413547 0.03501539304852486 0
1644339417040 0.03414909541606903 0
1644339420898 0.03375399112701416 0
