1644339339952 0.25516244182368625 0
1644339343466 0.30523180148653734 0
1644339346791 0.4531583080893078 0
1644339349840 0.6365159128978224 0
1644339353758 0.7602726387536515 0
1644339356698 0.8506753609687937 0
1644339359323 0.8982437081296397 0
1644339361977 0.9229946524064171 0
1644339364823 0.9398225423877712 0
1644339367461 0.9496729175752289 0
1644339370547 0.956582026172112 0
1644339373241 0.9603455723542117 0
1644339375937 0.964282640502625 0
1644339378717 0.966222604211431 0
1644339382355 0.9670668953687821 0
1644339385570 0.9681845467798645 0
1644339389539 0.9688249400479615 0
1644339392914 0.9692558020039393 0
1644339399388 0.9690898193338471 0
1644339403019 0.9692663299375054 0
1644339406545 0.9700393768190378 0
1644339409990 0.9692821083254899 0
1644339413547 0.9703292005130397 0
1644339417040 0.9703088902199024 0
1644339420898 0.9698887938408897 0
