1644339339952 0.24378383337920911 0
1644339343466 0.4489632076337279 0
1644339346791 0.7764015047252042 0
1644339349840 0.9153821451509313 0
1644339353758 0.9435269290760621 0
1644339356698 0.9632305716120745 0
1644339359323 0.974217818148454 0
1644339361977 0.9801816680429397 0
1644339364823 0.984287549316451 0
1644339367461 0.9867648408110836 0
1644339370547 0.9885081200110102 0
1644339373241 0.9894715111478117 0
1644339375937 0.9904807780530324 0
1644339378717 0.9909854115056427 0
1644339382355 0.9911918524635288 0
1644339385570 0.9914900449582531 0
1644339389539 0.9916506101477199 0
1644339392914 0.9917652995687678 0
1644339399388 0.9917194238003486 0
1644339403019 0.9917652995687678 0
1644339406545 0.9919717405266538 0
1644339409990 0.9917652995687678 0
1644339413547 0.9920405541792825 0
1644339417040 0.9920405541792825 0
1644339420898 0.9919258647582347 0
