1644339542405 0.6830290024798351 0
1644339543142 0.7634694820830501 0
1644339543899 0.8470607618921231 0
1644339544898 0.8977364738610918 0
1644339545837 0.9265815009935241 0
1644339546552 0.9434501200208183 0
1644339547330 0.9529054611737036 0
1644339548114 0.9596638461577871 0
1644339548917 0.963114849092614 0
1644339549668 0.9664448468942373 0
1644339550695 0.9692924639491258 0
1644339551490 0.9709001323830327 0
1644339552172 0.9730110622450919 0
1644339552932 0.9747954708115685 0
1644339553673 0.9757048031036168 0
1644339554401 0.9772385282648686 0
1644339555177 0.9773056154589601 0
1644339555940 0.9787784624539599 0
1644339556681 0.9800218767849848 0
1644339557479 0.97992957012414 0
1644339558217 0.9816513277826545 0
1644339558977 0.9821243041346168 0
1644339560012 0.982045488038186 0
1644339560678 0.9829003949438073 0
1644339561401 0.9838450313870124 0
1644339562092 0.983954484892048 0
1644339562803 0.9855923165261524 0
1644339563507 0.9860061364872489 0
1644339564207 0.9859539957217007 0
1644339564916 0.9867413523044588 0
1644339565819 0.9871673310577593 0
1644339566629 0.9872302367973422 0
1644339567534 0.98814220161083 0
1644339568480 0.98867487503988 0
1644339569181 0.9884421007577815 0
1644339569859 0.9887759966588783 0
1644339570557 0.9893138996759729 0
1644339571326 0.9892797721821265 0
1644339572208 0.989141516056156 0
1644339572997 0.9899165919707176 0
1644339573712 0.9902466565337931 0
1644339574543 0.9901179000874619 0
1644339575234 0.9908635861603969 0
1644339575922 0.9911236473692682 0
1644339576615 0.9909195205932048 0
1644339577432 0.9910025092804358 0
1644339578598 0.9917776716161555 0
1644339579346 0.991967948847609 0
1644339580131 0.9921708612956008 0
1644339580919 0.9922455845746084 0
