1644339542405 0.8307642903018626 0
1644339543142 0.8523947151114781 0
1644339543899 0.8808147536471236 0
1644339544898 0.903913203046151 0
1644339545837 0.924373795761079 0
1644339546552 0.9375401412973667 0
1644339547330 0.949582530507386 0
1644339548114 0.9583218643912286 0
1644339548917 0.9629553170015598 0
1644339549668 0.9690797320855125 0
1644339550695 0.9730938618221855 0
1644339551490 0.9762134140746858 0
1644339552172 0.977612625011469 0
1644339552932 0.9803192953481971 0
1644339553673 0.9809386182218552 0
1644339554401 0.9816496926323516 0
1644339555177 0.9835994127901643 0
1644339555940 0.9837599779796311 0
1644339556681 0.9843104872006606 0
1644339557479 0.9842416735480319 0
1644339558217 0.9855720708321865 0
1644339558977 0.9864437104321497 0
1644339560012 0.9863978346637307 0
1644339560678 0.9874300394531609 0
1644339561401 0.9870630333058079 0
1644339562092 0.9872006606110653 0
1644339562803 0.9880723002110285 0
1644339563507 0.9878429213689329 0
1644339564207 0.9874988531057896 0
1644339564916 0.9883016790531242 0
1644339565819 0.9881869896320763 0
1644339566629 0.9885310578952198 0
1644339567534 0.9884622442425911 0
1644339568480 0.9884622442425911 0
1644339569181 0.9887374988531058 0
1644339569859 0.9891733186530874 0
1644339570557 0.9888980640425727 0
1644339571326 0.9891733186530874 0
1644339572208 0.9887833746215249 0
1644339572997 0.9891733186530874 0
1644339573712 0.9895403248004404 0
1644339574543 0.9898155794109551 0
1644339575234 0.9895403248004404 0
1644339575922 0.9898385172951647 0
1644339576615 0.9900908340214699 0
1644339577432 0.9900908340214699 0
1644339578598 0.9901137719056794 0
1644339579346 0.9898614551793743 0
1644339580131 0.9898155794109551 0
1644339580919 0.9899532067162125 0
