1644339542405 0.20904802744425385 0
1644339543142 0.32198925297650405 0
1644339543899 0.48797792668506107 0
1644339544898 0.6072198781059541 0
1644339545837 0.7032670326703268 0
1644339546552 0.757718658243616 0
1644339547330 0.8053489195890896 0
1644339548114 0.8390183396828209 0
1644339548917 0.8569910564066237 0
1644339549668 0.8810658196576672 0
1644339550695 0.8966610871288873 0
1644339551490 0.9088351648351647 0
1644339552172 0.9141600703605981 0
1644339552932 0.9248159831756045 0
1644339553673 0.9270732777534006 0
1644339554401 0.9300454704442112 0
1644339555177 0.9375709421112373 0
1644339555940 0.9383060299756013 0
1644339556681 0.9404388714733543 0
1644339557479 0.9401620067938332 0
1644339558217 0.9454703077589943 0
1644339558977 0.9487023695859733 0
1644339560012 0.9486446696111545 0
1644339560678 0.9525376753854149 0
1644339561401 0.9511688311688311 0
1644339562092 0.951696675900277 0
1644339562803 0.9550406363479164 0
1644339563507 0.9541997926028344 0
1644339564207 0.9527934170636639 0
1644339564916 0.9558976132826011 0
1644339565819 0.9555152457458755 0
1644339566629 0.9569707401032702 0
1644339567534 0.9564991784139064 0
1644339568480 0.9565892810908777 0
1644339569181 0.9576833577523054 0
1644339569859 0.9593173590760216 0
1644339570557 0.958297432362571 0
1644339571326 0.9593033281600276 0
1644339572208 0.9578193737600276 0
1644339572997 0.959331380320524 0
1644339573712 0.9607910576096304 0
1644339574543 0.961743925555747 0
1644339575234 0.9607167470709855 0
1644339575922 0.9619383108514478 0
1644339576615 0.9628227194492254 0
1644339577432 0.9628929737158564 0
1644339578598 0.9629374838765157 0
1644339579346 0.9619686800894854 0
1644339580131 0.9618687736173136 0
1644339580919 0.9623128549303045 0
