1644339542405 0.5275871753692627 0
1644339543142 0.42486822605133057 0
1644339543899 0.321957528591156 0
1644339544898 0.2530829906463623 0
1644339545837 0.20665821433067322 0
1644339546552 0.17584048211574554 0
1644339547330 0.15419434010982513 0
1644339548114 0.13633853197097778 0
1644339548917 0.12477251142263412 0
1644339549668 0.11347723752260208 0
1644339550695 0.1029258444905281 0
1644339551490 0.09589701145887375 0
1644339552172 0.09033961594104767 0
1644339552932 0.08372926712036133 0
1644339553673 0.0810275748372078 0
1644339554401 0.07739689946174622 0
1644339555177 0.07394171506166458 0
1644339555940 0.07106728851795197 0
1644339556681 0.06866581737995148 0
1644339557479 0.06833961606025696 0
1644339558217 0.0643773078918457 0
1644339558977 0.06212380528450012 0
1644339560012 0.06176392734050751 0
1644339560678 0.05919889360666275 0
1644339561401 0.058623094111680984 0
1644339562092 0.05833251774311066 0
1644339562803 0.05530655384063721 0
1644339563507 0.055248625576496124 0
1644339564207 0.0552370622754097 0
1644339564916 0.05303207412362099 0
1644339565819 0.05255275219678879 0
1644339566629 0.05151711776852608 0
1644339567534 0.05126611143350601 0
1644339568480 0.05035380646586418 0
1644339569181 0.0500028133392334 0
1644339569859 0.04907742142677307 0
1644339570557 0.04876408725976944 0
1644339571326 0.048236388713121414 0
1644339572208 0.04804057627916336 0
1644339572997 0.04704520106315613 0
1644339573712 0.04640313982963562 0
1644339574543 0.04556659236550331 0
1644339575234 0.04542297497391701 0
1644339575922 0.04434359073638916 0
1644339576615 0.04455188289284706 0
1644339577432 0.04377118870615959 0
1644339578598 0.04340086132287979 0
1644339579346 0.04338644817471504 0
1644339580131 0.043315086513757706 0
1644339580919 0.042931172996759415 0
