1644339581730 0.645455220713073 0
1644339582477 0.8099523372528847 0
1644339583210 0.9004425254848782 0
1644339583895 0.9409169902484821 0
1644339584578 0.9560726377478346 0
1644339585311 0.9656706888830537 0
1644339586051 0.969166161585278 0
1644339587087 0.9724275110788179 0
1644339587894 0.9752007833407671 0
1644339588571 0.9774975877492734 0
1644339589271 0.9787933957835746 0
1644339589999 0.9816324170527466 0
1644339590801 0.9834416500604299 0
1644339591556 0.9835440729223619 0
1644339592309 0.9861413250697821 0
1644339592993 0.9848942431512762 0
1644339593694 0.9870768264762164 0
1644339594581 0.9879754202217204 0
1644339595355 0.9888548553458892 0
1644339596495 0.9889982594925326 0
1644339597316 0.9896338010057264 0
1644339598146 0.9895228959238584 0
1644339598917 0.9910768957188282 0
1644339599632 0.9904904512639924 0
1644339600496 0.9911896015582284 0
1644339601290 0.9911326517582227 0
1644339602133 0.9921364762884521 0
1644339603199 0.992172257632874 0
1644339603885 0.9925315953138037 0
1644339604858 0.9924464471346148 0
1644339605926 0.9931081075005036 0
1644339606673 0.9931511750561135 0
1644339607442 0.9932187405578258 0
1644339608232 0.9938737194613106 0
1644339609047 0.9939614507496187 0
1644339609796 0.9939762389931226 0
1644339610485 0.9942365327616471 0
1644339611227 0.9940567357773877 0
1644339612037 0.9944271275466894 0
1644339612747 0.9946716573803631 0
1644339613444 0.9943127940562863 0
1644339614412 0.9942148337457914 0
1644339615222 0.9950921511251475 0
1644339616007 0.9953297432088285 0
1644339616714 0.995738551138816 0
1644339617450 0.994608970335386 0
1644339618224 0.9948972983691118 0
1644339618930 0.9953552663052861 0
1644339619625 0.9950271215216828 0
1644339620327 0.9950826954620012 0
