1644339581730 0.7348839343058996 0
1644339582477 0.8351683640700982 0
1644339583210 0.9085237177722727 0
1644339583895 0.9475869345811543 0
1644339584578 0.9653179190751445 0
1644339585311 0.9743325075695017 0
1644339586051 0.9791953390219286 0
1644339587087 0.9817185062849803 0
1644339587894 0.9849756858427379 0
1644339588571 0.9864437104321497 0
1644339589271 0.987108909074227 0
1644339589999 0.9876594182952565 0
1644339590801 0.9879805486741903 0
1644339591556 0.9890815671162492 0
1644339592309 0.9890356913478301 0
1644339592993 0.9890586292320397 0
1644339593694 0.9895862005688595 0
1644339594581 0.9896779521056978 0
1644339595355 0.989723827874117 0
1644339596495 0.9898385172951647 0
1644339597316 0.9900678961372603 0
1644339598146 0.9900678961372603 0
1644339598917 0.9902284613267273 0
1644339599632 0.9904119644004037 0
1644339600496 0.990916597853014 0
1644339601290 0.9904807780530324 0
1644339602133 0.9902743370951463 0
1644339603199 0.9907789705477567 0
1644339603885 0.9904807780530324 0
1644339604858 0.9908707220845949 0
1644339605926 0.9909624736214332 0
1644339606673 0.9909854115056427 0
1644339607442 0.9909624736214332 0
1644339608232 0.9910312872740619 0
1644339609047 0.9912377282319479 0
1644339609796 0.9915129828424626 0
1644339610485 0.991283604000367 0
1644339611227 0.9912606661161575 0
1644339612037 0.9911230388109001 0
1644339612747 0.9910312872740619 0
1644339613444 0.9911230388109001 0
1644339614412 0.9912147903477383 0
1644339615222 0.9911001009266905 0
1644339616007 0.9912147903477383 0
1644339616714 0.9910542251582714 0
1644339617450 0.9913294797687862 0
1644339618224 0.9914441691898339 0
1644339618930 0.9911689145793192 0
1644339619625 0.9913982934214148 0
1644339620327 0.9917194238003486 0
