1644339581730 0.613584041595459 0
1644339582477 0.39392921328544617 0
1644339583210 0.2599048912525177 0
1644339583895 0.18300411105155945 0
1644339584578 0.14291058480739594 0
1644339585311 0.1161239817738533 0
1644339586051 0.09904733300209045 0
1644339587087 0.08839695155620575 0
1644339587894 0.07834406197071075 0
1644339588571 0.07173412293195724 0
1644339589271 0.06761631369590759 0
1644339589999 0.06298571825027466 0
1644339590801 0.059829093515872955 0
1644339591556 0.057328470051288605 0
1644339592309 0.05466460809111595 0
1644339592993 0.05372438207268715 0
1644339593694 0.051577500998973846 0
1644339594581 0.04983612522482872 0
1644339595355 0.048397794365882874 0
1644339596495 0.04756197705864906 0
1644339597316 0.04620065540075302 0
1644339598146 0.045736927539110184 0
1644339598917 0.04337039962410927 0
1644339599632 0.04336676374077797 0
1644339600496 0.041913293302059174 0
1644339601290 0.042705316096544266 0
1644339602133 0.042167000472545624 0
1644339603199 0.04049069061875343 0
1644339603885 0.040879666805267334 0
1644339604858 0.04029495269060135 0
1644339605926 0.03902316838502884 0
1644339606673 0.03886061906814575 0
1644339607442 0.03823891282081604 0
1644339608232 0.03821256011724472 0
1644339609047 0.03746287524700165 0
1644339609796 0.037030018866062164 0
1644339610485 0.03687075525522232 0
1644339611227 0.036435771733522415 0
1644339612037 0.03606975078582764 0
1644339612747 0.03584584221243858 0
1644339613444 0.0362071767449379 0
1644339614412 0.03632587566971779 0
1644339615222 0.0353131964802742 0
1644339616007 0.035119496285915375 0
1644339616714 0.03388300538063049 0
1644339617450 0.035635609179735184 0
1644339618224 0.03525839000940323 0
1644339618930 0.034505151212215424 0
1644339619625 0.034374769777059555 0
1644339620327 0.03389033302664757 0
