1644339581730 0.3006172092460366 0
1644339582477 0.4952233773531891 0
1644339583210 0.6817746568783912 0
1644339583895 0.8041820207387094 0
1644339584578 0.8676702258008053 0
1644339585311 0.901643667047552 0
1644339586051 0.9202917655329994 0
1644339587087 0.9298847541127827 0
1644339587894 0.9425287356321839 0
1644339588571 0.9481806225339764 0
1644339589271 0.9505281690140844 0
1644339589999 0.9527821660523083 0
1644339590801 0.9540753724802804 0
1644339591556 0.9582822085889571 0
1644339592309 0.9581948574427148 0
1644339592993 0.9581982297782842 0
1644339593694 0.9602591036414566 0
1644339594581 0.9606368089573128 0
1644339595355 0.9607911780150533 0
1644339596495 0.9612185940646064 0
1644339597316 0.9621404214391885 0
1644339598146 0.9621205493832561 0
1644339598917 0.9627817578193255 0
1644339599632 0.9634806919447843 0
1644339600496 0.9654510556621881 0
1644339601290 0.9637586237009867 0
1644339602133 0.962924099335432 0
1644339603199 0.9649153429917962 0
1644339603885 0.9637269469451971 0
1644339604858 0.9653007846556234 0
1644339605926 0.9656435298221138 0
1644339606673 0.9656918376254912 0
1644339607442 0.9655774943211602 0
1644339608232 0.9658723924238457 0
1644339609047 0.9666957279860505 0
1644339609796 0.9677868709733589 0
1644339610485 0.9668527564549896 0
1644339611227 0.9667915976640808 0
1644339612037 0.9662509810761315 0
1644339612747 0.965931863727455 0
1644339613444 0.966280386860678 0
1644339614412 0.9666289099939008 0
1644339615222 0.9661726242371403 0
1644339616007 0.9666347242791183 0
1644339616714 0.9660515320334261 0
1644339617450 0.9670961002785515 0
1644339618224 0.9675002178269582 0
1644339618930 0.96651882772415 0
1644339619625 0.967360083558186 0
1644339620327 0.9685348208838143 0
