1644339739301 0.5313664642948399 0
1644339740218 0.6884101264123501 0
1644339741262 0.7675224642723406 0
1644339742040 0.8415959837758601 0
1644339742848 0.8959991066383376 0
1644339743726 0.9230151328705071 0
1644339744564 0.944542186944907 0
1644339745299 0.9584569652473338 0
1644339745986 0.9658186184194405 0
1644339746727 0.9707780510832837 0
1644339747404 0.9756269196948638 0
1644339748080 0.9774490310399963 0
1644339748757 0.9783327843756596 0
1644339749598 0.9804954595136683 0
1644339750433 0.9814842349280174 0
1644339751149 0.981716243214206 0
1644339751898 0.9839294432377945 0
1644339752632 0.9863755069148067 0
1644339753314 0.986507522323383 0
1644339754053 0.9876823445897153 0
1644339754846 0.9880666239180098 0
1644339755670 0.9889523992343361 0
1644339756480 0.9895342415237496 0
1644339757336 0.9911203319699049 0
1644339758460 0.9917107928679246 0
1644339759592 0.9910168907531776 0
1644339760305 0.9915336557181094 0
1644339760985 0.9916778119673881 0
1644339761713 0.9921027055650784 0
1644339762496 0.9925178632027214 0
1644339763200 0.9934215542081776 0
1644339763949 0.9936830413154378 0
1644339764654 0.9934548978560753 0
1644339765353 0.9933049018221131 0
1644339766058 0.9945852947665355 0
1644339766764 0.9934789242708186 0
1644339767682 0.9946269345809405 0
1644339768602 0.9947318043953014 0
1644339769330 0.9949880764494452 0
1644339770193 0.9950857920797329 0
1644339770868 0.9954004306321712 0
1644339771536 0.9948327489249422 0
1644339772267 0.9950499405488423 0
1644339772932 0.9956186298876311 0
1644339773715 0.9958435668394526 0
1644339774833 0.9958482691200642 0
1644339775543 0.9957608313316845 0
1644339776370 0.9957876343311698 0
1644339777375 0.9962447183984171 0
1644339778045 0.996377242101136 0
