1644339739301 0.313102119460501 0
1644339740218 0.4029956876777686 0
1644339741262 0.47935590421139557 0
1644339742040 0.6023717772272685 0
1644339742848 0.7494724286631801 0
1644339743726 0.8511560693641619 0
1644339744564 0.9182952564455454 0
1644339745299 0.9527938342967245 0
1644339745986 0.9655702358014496 0
1644339746727 0.9721075328011745 0
1644339747404 0.9772914946325351 0
1644339748080 0.980479860537664 0
1644339748757 0.9824066428112671 0
1644339749598 0.9849527479585283 0
1644339750433 0.9848839343058996 0
1644339751149 0.9857785117900725 0
1644339751898 0.9866501513900358 0
1644339752632 0.9874988531057896 0
1644339753314 0.9873841636847417 0
1644339754053 0.9882787411689146 0
1644339754846 0.9890815671162492 0
1644339755670 0.9889439398109918 0
1644339756480 0.9892191944215065 0
1644339757336 0.9890586292320397 0
1644339758460 0.9899073309477934 0
1644339759592 0.9895862005688595 0
1644339760305 0.989723827874117 0
1644339760985 0.9899990824846316 0
1644339761713 0.9899990824846316 0
1644339762496 0.9904807780530324 0
1644339763200 0.990710156895128 0
1644339763949 0.9905266538214516 0
1644339764654 0.9909395357372236 0
1644339765353 0.9909395357372236 0
1644339766058 0.9906872190109184 0
1644339766764 0.9906184053582897 0
1644339767682 0.9908477842003853 0
1644339768602 0.9907789705477567 0
1644339769330 0.9907330947793376 0
1644339770193 0.9911689145793192 0
1644339770868 0.9911689145793192 0
1644339771536 0.9913524176529956 0
1644339772267 0.9911459766951096 0
1644339772932 0.9913524176529956 0
1644339773715 0.9910083493898523 0
1644339774833 0.9915359207266722 0
1644339775543 0.9915588586108818 0
1644339776370 0.9913753555372052 0
1644339777375 0.9911001009266905 0
1644339778045 0.9913524176529956 0
