1644339739301 0.24037339556592766 0
1644339740218 0.28254817101744906 0
1644339741262 0.3117647058823529 0
1644339742040 0.373395987710103 0
1644339742848 0.48607189911537746 0
1644339743726 0.6131282418172062 0
1644339744564 0.7435934350705442 0
1644339745299 0.8356492573071393 0
1644339745986 0.8755699245627124 0
1644339746727 0.8970364098221846 0
1644339747404 0.9155001707067258 0
1644339748080 0.9267956989247312 0
1644339748757 0.9338051264347975 0
1644339749598 0.9430950728660652 0
1644339750433 0.9426208097518503 0
1644339751149 0.9460212432526555 0
1644339751898 0.9493648860274926 0
1644339752632 0.9525219966896071 0
1644339753314 0.9520738933426282 0
1644339754053 0.9555304151074755 0
1644339754846 0.9585870889159561 0
1644339755670 0.9579993028929941 0
1644339756480 0.9590663647448179 0
1644339757336 0.9584313725490197 0
1644339758460 0.9617457833420274 0
1644339759592 0.9605011310248827 0
1644339760305 0.9610231425091352 0
1644339760985 0.9620803618020526 0
1644339761713 0.9620341344479276 0
1644339762496 0.9639663106711817 0
1644339763200 0.9648284845853234 0
1644339763949 0.9640525720254155 0
1644339764654 0.9656611318786403 0
1644339765353 0.9657028740123296 0
1644339766058 0.9647447030218826 0
1644339766764 0.9645119305856834 0
1644339767682 0.9653314797115302 0
1644339768602 0.9650677789363921 0
1644339769330 0.9649244660531343 0
1644339770193 0.9666059502125076 0
1644339770868 0.9665827619130284 0
1644339771536 0.9673168617251842 0
1644339772267 0.9665279223031564 0
1644339772932 0.9673338532189586 0
1644339773715 0.9660253076789739 0
1644339774833 0.9680657723929035 0
1644339775543 0.9680887963926466 0
1644339776370 0.9674458874458874 0
1644339777375 0.966395288411571 0
1644339778045 0.9673734314149719 0
