1644339739301 2.3794138431549072 0
1644339740218 1.724845051765442 0
1644339741262 1.2258220911026 0
1644339742040 0.8140712380409241 0
1644339742848 0.5390588045120239 0
1644339743726 0.3767957091331482 0
1644339744564 0.2645406424999237 0
1644339745299 0.19547344744205475 0
1644339745986 0.1554155796766281 0
1644339746727 0.13067205250263214 0
1644339747404 0.11060477793216705 0
1644339748080 0.09801723062992096 0
1644339748757 0.088128000497818 0
1644339749598 0.0792182981967926 0
1644339750433 0.07505746930837631 0
1644339751149 0.07055304944515228 0
1644339751898 0.06497299671173096 0
1644339752632 0.060828302055597305 0
1644339753314 0.05882125347852707 0
1644339754053 0.055861033499240875 0
1644339754846 0.05315880849957466 0
1644339755670 0.05150170996785164 0
1644339756480 0.049748893827199936 0
1644339757336 0.04860358312726021 0
1644339758460 0.045275766402482986 0
1644339759592 0.045840583741664886 0
1644339760305 0.04466625303030014 0
1644339760985 0.04384841024875641 0
1644339761713 0.04282728210091591 0
1644339762496 0.04088691994547844 0
1644339763200 0.03986319899559021 0
1644339763949 0.03914538025856018 0
1644339764654 0.03888462856411934 0
1644339765353 0.038284413516521454 0
1644339766058 0.037163931876420975 0
1644339766764 0.0383792482316494 0
1644339767682 0.03675486147403717 0
1644339768602 0.03656420856714249 0
1644339769330 0.0354091040790081 0
1644339770193 0.0350923016667366 0
1644339770868 0.0344056561589241 0
1644339771536 0.03502238169312477 0
1644339772267 0.03475518897175789 0
1644339772932 0.03354876860976219 0
1644339773715 0.033595431596040726 0
1644339774833 0.03247658535838127 0
1644339775543 0.03212878853082657 0
1644339776370 0.03216094151139259 0
1644339777375 0.03225062042474747 0
1644339778045 0.031410906463861465 0
