1644339699901 0.28218971892281014 0
1644339700591 0.4323625172829045 0
1644339701280 0.6532617238669113 0
1644339701949 0.8065022773676771 0
1644339702665 0.8733923500918658 0
1644339703331 0.9036771606518215 0
1644339703995 0.9191321499013807 0
1644339704663 0.9318909562959757 0
1644339705334 0.9415837299870186 0
1644339705989 0.9430346970481616 0
1644339706650 0.9494197124545297 0
1644339707313 0.9534763057765479 0
1644339708141 0.9537181487259491 0
1644339708961 0.955617198335645 0
1644339709625 0.9559498052791 0
1644339710375 0.9580993520518359 0
1644339711077 0.958733454451077 0
1644339712686 0.9602282552308491 0
1644339713580 0.9607318546647106 0
1644339714253 0.9596474552838504 0
1644339714936 0.9615683565074703 0
1644339715605 0.9634104245771488 0
1644339716298 0.9615251897860594 0
1644339717089 0.9635263612791701 0
1644339717805 0.9628223928232554 0
1644339718542 0.9636018630326032 0
1644339719365 0.9635124644181833 0
1644339720377 0.9642580311773319 0
1644339721300 0.9641317468529057 0
1644339722145 0.9655053466712659 0
1644339722892 0.9665805340223944 0
1644339723633 0.965143299767622 0
1644339724471 0.9648881239242686 0
1644339725135 0.9657192075796727 0
1644339725780 0.9659384138998796 0
1644339726460 0.9658914728682171 0
1644339727147 0.9655291278869355 0
1644339727903 0.9660273501333103 0
1644339728574 0.9668532070598364 0
1644339729245 0.9675866219585592 0
1644339730100 0.9664718019257221 0
1644339731117 0.9678196523834108 0
1644339731913 0.9666810159276796 0
1644339732979 0.9678473177441541 0
1644339733878 0.968002752451402 0
1644339734674 0.9662650602409637 0
1644339735462 0.9659384138998796 0
1644339736232 0.9680750365717237 0
1644339737095 0.9668931120474676 0
1644339738189 0.9681693048864419 0
