1644339699901 1.2474274635314941 0
1644339700591 0.6413534283638 0
1644339701280 0.33507445454597473 0
1644339701949 0.20641815662384033 0
1644339702665 0.14801399409770966 0
1644339703331 0.11625563353300095 0
1644339703995 0.09782145172357559 0
1644339704663 0.08315329998731613 0
1644339705334 0.07473379373550415 0
1644339705989 0.06985130161046982 0
1644339706650 0.06319452077150345 0
1644339707313 0.05862104892730713 0
1644339708141 0.057647645473480225 0
1644339708961 0.054114971309900284 0
1644339709625 0.0518876351416111 0
1644339710375 0.04915853962302208 0
1644339711077 0.04712619632482529 0
1644339712686 0.04638285934925079 0
1644339713580 0.0453515499830246 0
1644339714253 0.04525091126561165 0
1644339714936 0.04293021559715271 0
1644339715605 0.0417461134493351 0
1644339716298 0.04232344776391983 0
1644339717089 0.041117072105407715 0
1644339717805 0.04107131436467171 0
1644339718542 0.03965973109006882 0
1644339719365 0.03874784708023071 0
1644339720377 0.03765064850449562 0
1644339721300 0.0374080054461956 0
1644339722145 0.03684278950095177 0
1644339722892 0.03546440601348877 0
1644339723633 0.036116573959589005 0
1644339724471 0.035886019468307495 0
1644339725135 0.03571610525250435 0
1644339725780 0.034005459398031235 0
1644339726460 0.03457348048686981 0
1644339727147 0.03487297520041466 0
1644339727903 0.034730229526758194 0
1644339728574 0.0336092934012413 0
1644339729245 0.033579692244529724 0
1644339730100 0.033130042254924774 0
1644339731117 0.031964097172021866 0
1644339731913 0.032748810946941376 0
1644339732979 0.03162497654557228 0
1644339733878 0.03248201310634613 0
1644339734674 0.03252085670828819 0
1644339735462 0.032133787870407104 0
1644339736232 0.0317826047539711 0
1644339737095 0.03114054724574089 0
1644339738189 0.03115800954401493 0
