1644339699901 0.6461238973808223 0
1644339700591 0.8355184870682418 0
1644339701280 0.9135318737351904 0
1644339701949 0.9453734444433348 0
1644339702665 0.9593538920446082 0
1644339703331 0.9671000713402339 0
1644339703995 0.9714287499081182 0
1644339704663 0.9764757307338258 0
1644339705334 0.9785717316241016 0
1644339705989 0.9800938030997522 0
1644339706650 0.9827746329966456 0
1644339707313 0.9842749987897134 0
1644339708141 0.9841340587836992 0
1644339708961 0.9863536841108478 0
1644339709625 0.9875283110557264 0
1644339710375 0.9887143095520547 0
1644339711077 0.9895740727522742 0
1644339712686 0.9899291576833154 0
1644339713580 0.9902653775934123 0
1644339714253 0.9905240091497267 0
1644339714936 0.9920511297010797 0
1644339715605 0.9917365664966409 0
1644339716298 0.9914761161154372 0
1644339717089 0.9920137068780829 0
1644339717805 0.9926879966902998 0
1644339718542 0.9928194707924841 0
1644339719365 0.99397186666595 0
1644339720377 0.9943063746099027 0
1644339721300 0.9943552112826023 0
1644339722145 0.9942909068065605 0
1644339722892 0.9948472846723156 0
1644339723633 0.9947942315316354 0
1644339724471 0.9949856801044641 0
1644339725135 0.9947348514627602 0
1644339725780 0.9955686457617152 0
1644339726460 0.9953397031267265 0
1644339727147 0.9950566832880845 0
1644339727903 0.9949609022329617 0
1644339728574 0.9959910962265982 0
1644339729245 0.9955551926909616 0
1644339730100 0.9961539177868799 0
1644339731117 0.9961730455022391 0
1644339731913 0.9962203416280312 0
1644339732979 0.996253995454042 0
1644339733878 0.9961672773562318 0
1644339734674 0.9961821952822817 0
1644339735462 0.9965146372904972 0
1644339736232 0.9962732500641609 0
1644339737095 0.9966612652984602 0
1644339738189 0.9966116427687398 0
