1644339699901 0.4968116340948711 0
1644339700591 0.7080695476649234 0
1644339701280 0.8785668409945867 0
1644339701949 0.9434810533076429 0
1644339702665 0.9652261675383063 0
1644339703331 0.9741031287274062 0
1644339703995 0.9783695751903845 0
1644339704663 0.9819478851270759 0
1644339705334 0.9845169281585466 0
1644339705989 0.9848609964216901 0
1644339706650 0.9866042756216167 0
1644339707313 0.9876594182952565 0
1644339708141 0.9877511698320947 0
1644339708961 0.988255803284705 0
1644339709625 0.9883246169373338 0
1644339710375 0.9888751261583631 0
1644339711077 0.9890586292320397 0
1644339712686 0.9894485732636021 0
1644339713580 0.98956326268465 0
1644339714253 0.9892880080741352 0
1644339714936 0.9897926415267456 0
1644339715605 0.9902743370951463 0
1644339716298 0.989769703642536 0
1644339717089 0.9903202128635654 0
1644339717805 0.9901137719056794 0
1644339718542 0.9903202128635654 0
1644339719365 0.9902972749793559 0
1644339720377 0.9904807780530324 0
1644339721300 0.9904578401688229 0
1644339722145 0.9908248463161758 0
1644339722892 0.9911001009266905 0
1644339723633 0.990710156895128 0
1644339724471 0.9906413432424993 0
1644339725135 0.9908707220845949 0
1644339725780 0.990916597853014 0
1644339726460 0.990916597853014 0
1644339727147 0.9908248463161758 0
1644339727903 0.9909395357372236 0
1644339728574 0.9911689145793192 0
1644339729245 0.9913524176529956 0
1644339730100 0.9910542251582714 0
1644339731117 0.9914212313056243 0
1644339731913 0.9911230388109001 0
1644339732979 0.9914212313056243 0
1644339733878 0.9914671070740435 0
1644339734674 0.9910083493898523 0
1644339735462 0.990916597853014 0
1644339736232 0.9914900449582531 0
1644339737095 0.9911689145793192 0
1644339738189 0.9915129828424626 0
