1644339417193 0.6720294952392578 0
1644339418657 0.31141725182533264 0
1644339420067 0.1888543665409088 0
1644339421402 0.13290037214756012 0
1644339422882 0.10564392060041428 0
1644339424404 0.08781744539737701 0
1644339425732 0.07530684024095535 0
1644339428228 0.06905163079500198 0
1644339430579 0.06195199862122536 0
1644339431869 0.05676855146884918 0
1644339433255 0.05327621474862099 0
1644339434804 0.05114968866109848 0
1644339436321 0.0488874576985836 0
1644339437706 0.04647856205701828 0
1644339439020 0.04496625438332558 0
1644339440299 0.044388942420482635 0
1644339442273 0.04226980730891228 0
1644339443828 0.040873631834983826 0
1644339445155 0.04105878621339798 0
1644339446631 0.0393134169280529 0
1644339448242 0.037858616560697556 0
1644339450178 0.03786022588610649 0
1644339451691 0.037669453769922256 0
1644339452964 0.03582222759723663 0
1644339454362 0.03704814985394478 0
1644339455690 0.036258190870285034 0
1644339456946 0.034481920301914215 0
1644339458524 0.03493034467101097 0
1644339459931 0.03390863910317421 0
1644339461218 0.034031420946121216 0
1644339462563 0.03242802992463112 0
1644339463872 0.03318319842219353 0
1644339465131 0.032631222158670425 0
1644339466691 0.03199595957994461 0
1644339468218 0.03195973485708237 0
1644339470388 0.032439399510622025 0
1644339472171 0.0319443941116333 0
1644339474043 0.03077305294573307 0
1644339475616 0.030070284381508827 0
1644339477024 0.02935595065355301 0
1644339478463 0.030102383345365524 0
1644339479938 0.029324693605303764 0
1644339481463 0.029534513130784035 0
1644339482826 0.028409818187355995 0
1644339484144 0.028782345354557037 0
1644339485579 0.029279161244630814 0
1644339487648 0.027560492977499962 0
1644339489382 0.028050260618329048 0
1644339491063 0.027462689206004143 0
1644339492520 0.027143189683556557 0
