1644339417193 0.7078631067070373 0
1644339418657 0.899532067162125 0
1644339420067 0.9497430956968529 0
1644339421402 0.9667859436645564 0
1644339422882 0.9747683273694835 0
1644339424404 0.9802504816955684 0
1644339425732 0.9829571520322965 0
1644339428228 0.983874667400679 0
1644339430579 0.9853656298743004 0
1644339431869 0.986741902926874 0
1644339433255 0.987682356179466 0
1644339434804 0.9880952380952381 0
1644339436321 0.9883246169373338 0
1644339437706 0.9886916230846867 0
1644339439020 0.9890127534636205 0
1644339440299 0.9890127534636205 0
1644339442273 0.9894026974951831 0
1644339443828 0.9900908340214699 0
1644339445155 0.9895403248004404 0
1644339446631 0.9903660886319846 0
1644339448242 0.9904119644004037 0
1644339450178 0.9900220203688411 0
1644339451691 0.9901596476740986 0
1644339452964 0.9905954674740802 0
1644339454362 0.9900220203688411 0
1644339455690 0.990549591705661 0
1644339456946 0.9908477842003853 0
1644339458524 0.9905266538214516 0
1644339459931 0.990549591705661 0
1644339461218 0.9906184053582897 0
1644339462563 0.9908477842003853 0
1644339463872 0.9908248463161758 0
1644339465131 0.9910542251582714 0
1644339466691 0.991077163042481 0
1644339468218 0.9909854115056427 0
1644339470388 0.9911001009266905 0
1644339472171 0.9913524176529956 0
1644339474043 0.9912147903477383 0
1644339475616 0.9915588586108818 0
1644339477024 0.9915588586108818 0
1644339478463 0.991077163042481 0
1644339479938 0.9913753555372052 0
1644339481463 0.9912606661161575 0
1644339482826 0.9917194238003486 0
1644339484144 0.9913524176529956 0
1644339485579 0.9917194238003486 0
1644339487648 0.9915359207266722 0
1644339489382 0.9914900449582531 0
1644339491063 0.9916047343793009 0
1644339492520 0.9920176162950729 0
