1644339417193 0.3253522618921496 0
1644339418657 0.6225439503619442 0
1644339420067 0.7966211825860948 0
1644339421402 0.8679795769511306 0
1644339422882 0.9013098869549614 0
1644339424404 0.9239466478226306 0
1644339425732 0.9349899378773295 0
1644339428228 0.9385005686291663 0
1644339430579 0.9444637883008357 0
1644339431869 0.9498438042346408 0
1644339433255 0.9535828507217564 0
1644339434804 0.9551852171660478 0
1644339436321 0.9561244720282734 0
1644339437706 0.9575036634772865 0
1644339439020 0.9587956989247312 0
1644339440299 0.9588664662945471 0
1644339442273 0.9603229130882858 0
1644339443828 0.962962962962963 0
1644339445155 0.9608314722556262 0
1644339446631 0.9640595584460038 0
1644339448242 0.9642307034057847 0
1644339450178 0.9627408993576017 0
1644339451691 0.9632862644415918 0
1644339452964 0.9649632541445906 0
1644339454362 0.9627408993576017 0
1644339455690 0.9648224043715847 0
1644339456946 0.9659236484755317 0
1644339458524 0.9647640986263971 0
1644339459931 0.9648284104490353 0
1644339461218 0.9650874946649594 0
1644339462563 0.9659759529291378 0
1644339463872 0.965893587994543 0
1644339465131 0.9667519181585678 0
1644339466691 0.9668286859384326 0
1644339468218 0.9665218502427804 0
1644339470388 0.966911137642845 0
1644339472171 0.9678629272866762 0
1644339474043 0.9673681519979551 0
1644339475616 0.9686434901158828 0
1644339477024 0.9686915092734388 0
1644339478463 0.9668738823128672 0
1644339479938 0.9680054458815521 0
1644339481463 0.9676047955105858 0
1644339482826 0.9692948881517394 0
1644339484144 0.9679884520675894 0
1644339485579 0.9693209824084303 0
1644339487648 0.9686251169118273 0
1644339489382 0.9685246457962161 0
1644339491063 0.9689251146204788 0
1644339492520 0.970468431771894 0
