1644339417193 0.6551199376438755 0
1644339418657 0.8340672600396909 0
1644339420067 0.9249441872941322 0
1644339421402 0.9597856723089332 0
1644339422882 0.9700451435264418 0
1644339424404 0.9764017337319502 0
1644339425732 0.9813628739275692 0
1644339428228 0.9828221097609614 0
1644339430579 0.9852942196445794 0
1644339431869 0.987983455906652 0
1644339433255 0.9890621652038445 0
1644339434804 0.9896109363907137 0
1644339436321 0.9909653714586867 0
1644339437706 0.9914200037354659 0
1644339439020 0.992638991546351 0
1644339440299 0.9929501443261801 0
1644339442273 0.9934494116782494 0
1644339443828 0.9942077380688389 0
1644339445155 0.9939241565424558 0
1644339446631 0.9936663637784976 0
1644339448242 0.9950922109960387 0
1644339450178 0.9952233961582589 0
1644339451691 0.9949880499860605 0
1644339452964 0.9957599303677824 0
1644339454362 0.9948513629270493 0
1644339455690 0.9957055952763777 0
1644339456946 0.9957774949637128 0
1644339458524 0.9956108210229533 0
1644339459931 0.9963342873601779 0
1644339461218 0.996308840536006 0
1644339462563 0.9964317287319746 0
1644339463872 0.9964072966922951 0
1644339465131 0.996537279555497 0
1644339466691 0.9965515681623596 0
1644339468218 0.9963656199344054 0
1644339470388 0.9963176448945037 0
1644339472171 0.9967293760538427 0
1644339474043 0.9971150206335688 0
1644339475616 0.9970429466680275 0
1644339477024 0.9974815894708926 0
1644339478463 0.9974468639867756 0
1644339479938 0.9974155865638792 0
1644339481463 0.997276883172203 0
1644339482826 0.9974582560457286 0
1644339484144 0.9976183449175543 0
1644339485579 0.997259989216459 0
1644339487648 0.997771632527228 0
1644339489382 0.997801678972414 0
1644339491063 0.9978399341417219 0
1644339492520 0.9978149174979326 0
