1644338981821 0.23540706605222736 0
1644338983295 0.3529776674937965 0
1644338984523 0.5100574712643678 0
1644338985733 0.6460460460460461 0
1644338987418 0.721647472184267 0
1644338988931 0.788436018957346 0
1644338990234 0.8306595365418895 0
1644338991473 0.8595026153987336 0
1644338992877 0.8788347746927628 0
1644338994063 0.8974082073434125 0
1644338995213 0.9098235873556012 0
1644338996483 0.918026937828918 0
1644338997640 0.9256212965419652 0
1644338998880 0.9296397911319587 0
1644339000363 0.9334394059931053 0
1644339001608 0.9394660322495374 0
1644339002763 0.940234134319162 0
1644339004008 0.944873595505618 0
1644339005305 0.9471373375482964 0
1644339006489 0.9483633817608962 0
1644339007802 0.952880496546901 0
1644339009014 0.9511747750895274 0
1644339010381 0.9527799598498734 0
1644339012070 0.9529545256175265 0
1644339013320 0.9535290006988121 0
