1644338981821 0.5524790287017822 0
1644338983295 0.42745527625083923 0
1644338984523 0.3216858208179474 0
1644338985733 0.24813450872898102 0
1644338987418 0.20017385482788086 0
1644338988931 0.16556285321712494 0
1644338990234 0.1402708739042282 0
1644338991473 0.12415795028209686 0
1644338992877 0.10842861235141754 0
1644338994063 0.09758027642965317 0
1644338995213 0.08867939561605453 0
1644338996483 0.08365828543901443 0
1644338997640 0.07734064012765884 0
1644338998880 0.0732884556055069 0
1644339000363 0.06972170621156693 0
1644339001608 0.06607628613710403 0
1644339002763 0.06328605860471725 0
1644339004008 0.06089751794934273 0
1644339005305 0.058069951832294464 0
1644339006489 0.056826233863830566 0
1644339007802 0.054244086146354675 0
1644339009014 0.05379030108451843 0
1644339010381 0.0526687428355217 0
1644339012070 0.0508645661175251 0
1644339013320 0.04996883124113083 0
