1644338981821 0.6335833931936479 0
1644338983295 0.7236989924270192 0
1644338984523 0.8182317516072997 0
1644338985733 0.877632129832223 0
1644338987418 0.9153050175071887 0
1644338988931 0.9381080807183416 0
1644338990234 0.9529063049541127 0
1644338991473 0.9590805009248028 0
1644338992877 0.9682806302141533 0
1644338994063 0.9716253158012926 0
1644338995213 0.9762683571011149 0
1644338996483 0.9766477650933933 0
1644338997640 0.979064926826067 0
1644338998880 0.980638767965349 0
1644339000363 0.9815600416440284 0
1644339001608 0.9835973310856511 0
1644339002763 0.9845224039783261 0
1644339004008 0.9859990615807498 0
1644339005305 0.9869736425622685 0
1644339006489 0.9871818560075574 0
1644339007802 0.9877525952738848 0
1644339009014 0.9884162880473871 0
1644339010381 0.9888105536003915 0
1644339012070 0.9897850586869184 0
1644339013320 0.9896312351642033 0
