1644338981821 0.8173226901550601 0
1644338983295 0.8564547206165704 0
1644338984523 0.8904945407835582 0
1644338985733 0.918891641434994 0
1644338987418 0.9345811542343334 0
1644338988931 0.9488026424442609 0
1644338990234 0.9585971190017433 0
1644338991473 0.9648820992751629 0
1644338992877 0.9694696761170749 0
1644338994063 0.973850812001101 0
1644338995213 0.9769015506009726 0
1644338996483 0.9789200844114139 0
1644338997640 0.9807092393797596 0
1644338998880 0.9817643820533994 0
1644339000363 0.9827277731902009 0
1644339001608 0.9842416735480319 0
1644339002763 0.9844251766217084 0
1644339004008 0.985595008716396 0
1644339005305 0.9861913937058445 0
1644339006489 0.9864666483163593 0
1644339007802 0.9876364804110469 0
1644339009014 0.9871777227268557 0
1644339010381 0.9875906046426277 0
1644339012070 0.9876364804110469 0
1644339013320 0.9877970456005138 0
