1644338413703 0.46295262638113877 0
1644338416219 0.6519167928384971 0
1644338419991 0.8025751149282473 0
1644338424324 0.9054518295416061 0
1644338427833 0.9469952495545962 0
1644338431121 0.9657955861784072 0
1644338435192 0.9772791696439143 0
1644338439029 0.9845324706828211 0
1644338442680 0.9888481507395236 0
1644338446779 0.9913029036335187 0
1644338449615 0.9934631013335116 0
1644338453008 0.9941671738409084 0
1644338455682 0.9944970072010335 0
1644338458621 0.9952396202859737 0
1644338463099 0.9957395202119491 0
1644338466092 0.996223016715473 0
1644338469212 0.996435597137257 0
1644338472372 0.9965662183857849 0
1644338475490 0.9967824222235323 0
1644338478768 0.9970293069905436 0
1644338482774 0.99735932085294 0
1644338486434 0.9972255731268004 0
1644338490131 0.9974833214564325 0
1644338493981 0.9977738810878135 0
1644338497690 0.9975980050229369 0
