1644338413703 0.786027193069458 0
1644338416219 0.45437750220298767 0
1644338419991 0.29815056920051575 0
1644338424324 0.20005252957344055 0
1644338427833 0.1450231820344925 0
1644338431121 0.10869427025318146 0
1644338435192 0.08305217325687408 0
1644338439029 0.061505451798439026 0
1644338442680 0.04666561260819435 0
1644338446779 0.03946360945701599 0
1644338449615 0.036086682230234146 0
1644338453008 0.034784723073244095 0
1644338455682 0.033511582762002945 0
1644338458621 0.032876480370759964 0
1644338463099 0.03168421983718872 0
1644338466092 0.030677028000354767 0
1644338469212 0.030083779245615005 0
1644338472372 0.029779497534036636 0
1644338475490 0.029523229226469994 0
1644338478768 0.028701145201921463 0
1644338482774 0.027876220643520355 0
1644338486434 0.02780245803296566 0
1644338490131 0.027613583952188492 0
1644338493981 0.026477189734578133 0
1644338497690 0.027088405564427376 0
