1644338413703 0.7683503073676484 0
1644338416219 0.8779016423525094 0
1644338419991 0.9113221396458391 0
1644338424324 0.9399715570235802 0
1644338427833 0.95981282686485 0
1644338431121 0.9723598495274796 0
1644338435192 0.9792412147903478 0
1644338439029 0.9858702633269107 0
1644338442680 0.9901137719056794 0
1644338446779 0.9914671070740435 0
1644338449615 0.9919258647582347 0
1644338453008 0.9919946784108634 0
1644338455682 0.9920864299477016 0
1644338458621 0.9921552436003304 0
1644338463099 0.992224057252959 0
1644338466092 0.992224057252959 0
1644338469212 0.9922011193687494 0
1644338472372 0.9922469951371685 0
1644338475490 0.9923616845582164 0
1644338478768 0.9922011193687494 0
1644338482774 0.9924763739792641 0
1644338486434 0.9922011193687494 0
1644338490131 0.9923846224424259 0
1644338493981 0.9922928709055877 0
1644338497690 0.9924763739792641 0
