1644338413703 0.15312368972746332 0
1644338416219 0.3761865697878824 0
1644338419991 0.5683340777132649 0
1644338424324 0.7318372784096732 0
1644338427833 0.8320230105465006 0
1644338431121 0.8889912482726854 0
1644338435192 0.9184317260027038 0
1644338439029 0.9457937346004928 0
1644338442680 0.9625575536443403 0
1644338446779 0.9678645473393227 0
1644338449615 0.9696080124330858 0
1644338453008 0.9698800379735911 0
1644338455682 0.97025092696387 0
1644338458621 0.9705121572684946 0
1644338463099 0.9707733425295284 0
1644338466092 0.9707884532529083 0
1644338469212 0.9707098552722261 0
1644338472372 0.9708871662360034 0
1644338475490 0.9713104161281985 0
1644338478768 0.970714900947459 0
1644338482774 0.9717484926787252 0
1644338486434 0.9707652622527945 0
1644338490131 0.9714236529523154 0
1644338493981 0.9710843373493976 0
1644338497690 0.9717873731291933 0
